0 0.333333 0.333333 0.333333 1
0.1 0.537985 0.333924 0.128091 1
0.2 0.692468 0.267268 0.040264 1
0.3 0.796396 0.191478 0.012126 1
0.4 0.86594 0.129972 0.00408833 1
0.5 0.716775 0.269905 0.0133196 1
0.6 0.806141 0.189087 0.00477189 1
0.700000000000001 0.870349 0.127455 0.00219581 1
0.800000000000001 0.914775 0.0838886 0.00133646 1
0.900000000000001 0.944531 0.0544801 0.000989035 1
1 0.963976 0.0352066 0.000817254 1
1.09999999999999 0.976466 0.0228135 0.000720314 1
1.19999999999998 0.984396 0.0149414 0.000662171 1
1.29999999999997 0.989394 0.00997986 0.000626579 1
1.39999999999996 0.992527 0.00686833 0.000604753 1
1.49999999999995 0.994485 0.00492334 0.000591477 1
1.59999999999993 0.995706 0.00371025 0.000583535 1
1.69999999999992 0.996466 0.00295493 0.000578923 1
1.79999999999991 0.996938 0.00248537 0.00057639 1
1.8999999999999 0.997231 0.00219398 0.000575153 1
1.99999999999989 0.997412 0.00201359 0.000574723 1
2.09999999999988 0.997523 0.00190234 0.000574798 1
2.19999999999987 0.997591 0.00183412 0.000575187 1
2.29999999999986 0.997632 0.00179269 0.000575772 1
2.39999999999985 0.997656 0.00176794 0.00057648 1
2.49999999999984 0.997669 0.00175356 0.000577264 1
2.59999999999982 0.997676 0.00174565 0.000578097 1
2.69999999999981 0.997679 0.00174175 0.000578961 1
2.7999999999998 0.99768 0.00174036 0.000579844 1
2.89999999999979 0.997679 0.00174053 0.00058074 1
2.99999999999978 0.997677 0.00174167 0.000581644 1
3.09999999999977 0.997674 0.00174342 0.000582554 1
3.19999999999976 0.992994 0.00507384 0.00193229 1
3.29999999999975 0.995264 0.00382541 0.000910994 1
3.39999999999974 0.996287 0.00304489 0.00066789 1
3.49999999999973 0.985624 0.00966254 0.00471366 1
3.59999999999971 0.991703 0.00671303 0.001584 1
3.6999999999997 0.973408 0.0188775 0.00771492 1
3.79999999999969 0.985119 0.0125504 0.00233024 1
3.89999999999968 0.990453 0.00851587 0.00103135 1
3.99999999999967 0.993305 0.00598064 0.00071388 1
4.0999999999997 0.994971 0.0043961 0.000632649 1
4.19999999999974 0.995982 0.00340835 0.000609763 1
4.29999999999977 0.996604 0.00279374 0.000602294 1
4.3999999999998 0.996989 0.00241196 0.000599507 1
4.49999999999984 0.997226 0.0021753 0.000598481 1
4.59999999999987 0.997373 0.00202904 0.00059828 1
4.6999999999999 0.997462 0.00193906 0.000598531 1
4.79999999999994 0.997517 0.00188413 0.000599047 1
4.89999999999997 0.997549 0.00185101 0.000599727 1
5 0.997568 0.00183147 0.000600507 1
5.10000000000004 0.997578 0.00182038 0.000601351 1
5.20000000000007 0.997583 0.00181455 0.000602234 1
5.3000000000001 0.997585 0.00181199 0.000603143 1
5.40000000000014 0.997584 0.00181148 0.000604068 1
5.50000000000017 0.989275 0.00651919 0.00420554 1
5.6000000000002 0.993771 0.00476069 0.00146787 1
5.70000000000024 0.995528 0.0036539 0.000817821 1
5.80000000000027 0.996374 0.00296316 0.000662587 1
5.90000000000031 0.9858 0.00949755 0.00470246 1
6.00000000000034 0.991768 0.0066345 0.00159782 1
6.10000000000037 0.994314 0.00482879 0.000856782 1
6.20000000000041 0.995622 0.0037001 0.000678007 1
6.30000000000044 0.996369 0.00299705 0.000633524 1
6.40000000000047 0.996818 0.00256006 0.000621812 1
6.50000000000051 0.997092 0.00228902 0.000618553 1
6.60000000000054 0.997261 0.00212137 0.00061775 1
6.70000000000057 0.991863 0.0060673 0.00206941 1
6.80000000000061 0.994545 0.00448353 0.000971238 1
6.90000000000064 0.995798 0.00349267 0.000709029 1
7.00000000000067 0.996479 0.0028755 0.000645348 1
7.10000000000071 0.984828 0.00962733 0.00554468 1
7.20000000000074 0.99146 0.00673313 0.00180652 1
7.30000000000077 0.994181 0.00490421 0.000914991 1
7.40000000000081 0.995539 0.00376038 0.000700714 1
7.50000000000084 0.996304 0.00304779 0.000647856 1
7.60000000000087 0.996761 0.00260485 0.000634162 1
7.70000000000091 0.997039 0.00233012 0.000630432 1
7.80000000000094 0.99721 0.00216019 0.00062952 1
7.90000000000097 0.997315 0.00205553 0.000629569 1
8.00000000000101 0.997378 0.0019915 0.00063003 1
8.10000000000095 0.997417 0.00195278 0.000630704 1
8.20000000000089 0.992142 0.00570276 0.00215517 1
8.30000000000084 0.994726 0.0042725 0.00100145 1
8.40000000000078 0.995896 0.00337771 0.000726669 1
8.50000000000073 0.996519 0.00282053 0.00066033 1
8.60000000000067 0.996882 0.00247449 0.000643926 1
8.70000000000062 0.9971 0.00226013 0.000639847 1
8.80000000000056 0.988278 0.00759431 0.00412792 1
8.90000000000051 0.993053 0.00546975 0.00147716 1
9.00000000000045 0.995021 0.00413271 0.000846481 1
9.1000000000004 0.996007 0.00329803 0.000695153 1
9.20000000000034 0.996563 0.0027787 0.000658 1
9.30000000000028 0.996895 0.00245634 0.000648562 1
9.40000000000023 0.997097 0.00225675 0.000646192 1
9.50000000000017 0.990814 0.00668729 0.00249888 1
9.60000000000012 0.994001 0.00490359 0.00109519 1
9.70000000000006 0.995453 0.00378618 0.000760364 1
9.80000000000001 0.996231 0.00308979 0.000679278 1
9.89999999999995 0.996684 0.00265692 0.000659026 1
9.9999999999999 0.996958 0.00238848 0.000653809 1
10.0999999999998 0.997125 0.00222251 0.00065259 1
10.1999999999998 0.987376 0.00780228 0.00482146 1
10.2999999999997 0.992729 0.00561866 0.00165245 1
10.3999999999997 0.994859 0.00424207 0.000898839 1
10.4999999999996 0.995899 0.00338227 0.000718485 1
10.5999999999996 0.996478 0.0028472 0.000674458 1
10.6999999999995 0.996822 0.00251503 0.000663376 1
10.7999999999995 0.99703 0.00230937 0.000660607 1
10.8999999999994 0.997157 0.0021825 0.000660149 1
10.9999999999993 0.990633 0.0066439 0.00272266 1
11.0999999999993 0.993946 0.00489434 0.00115933 1
11.1999999999992 0.995415 0.00379778 0.000786992 1
11.2999999999992 0.996189 0.00311433 0.000697171 1
11.3999999999991 0.98577 0.0097981 0.00443189 1
11.4999999999991 0.991541 0.00688261 0.00157595 1
11.599999999999 0.994061 0.00504521 0.000893883 1
11.699999999999 0.995374 0.00389698 0.00072898 1
11.7999999999989 0.99613 0.00318184 0.000687759 1
11.8999999999988 0.996586 0.00273742 0.000676833 1
11.9999999999988 0.996864 0.00246183 0.000673793 1
12.0999999999987 0.997035 0.00229144 0.000673085 1
12.1999999999987 0.99714 0.00218656 0.000673225 1
12.2999999999986 0.997204 0.00212247 0.000673751 1
12.3999999999986 0.987722 0.0075365 0.00474167 1
12.4999999999985 0.992873 0.00547701 0.00164978 1
12.5999999999985 0.994906 0.00417914 0.000915004 1
12.6999999999984 0.995892 0.00336872 0.000739359 1
12.7999999999983 0.996439 0.00286452 0.000696608 1
12.8999999999983 0.996762 0.00255164 0.000685938 1
12.9999999999982 0.996959 0.00235802 0.000683343 1
13.0999999999982 0.997078 0.00223869 0.000682984 1
13.1999999999981 0.997151 0.00216562 0.000683361 1
13.2999999999981 0.997195 0.00212134 0.000684044 1
13.399999999998 0.99722 0.00209499 0.000684881 1
13.499999999998 0.997234 0.00207979 0.000685807 1
13.5999999999979 0.997242 0.00207153 0.000686786 1
13.6999999999978 0.997245 0.0020676 0.000687798 1
13.7999999999978 0.997245 0.00206636 0.000688831 1
13.8999999999977 0.9877 0.00745108 0.00484891 1
13.9999999999977 0.386547 0.122176 0.491278 1
14.0999999999976 0.667048 0.132116 0.200836 1
14.1999999999976 0.0143731 0.0984432 0.887184 1
14.2999999999975 0.00131539 0.0460913 0.952593 1
14.3999999999975 0.00116179 0.0494927 0.949345 1
14.4999999999974 0.000760546 0.00982843 0.989411 1
14.5999999999973 0.000146852 0.00465595 0.995197 1
14.6999999999973 0.000884435 0.00607065 0.993045 1
14.7999999999972 0.000775542 0.00729815 0.991926 1
14.8999999999972 0.00243676 0.0094645 0.988099 1
14.9999999999971 0.00155713 0.0109216 0.987521 1
15.0999999999971 0.00126228 0.00598494 0.992753 1
15.199999999997 0.00800915 0.0174062 0.974585 1
15.299999999997 0.000355958 0.00372989 0.995914 1
15.3999999999969 0.00114105 0.00517211 0.993687 1
15.4999999999968 0.000749138 0.00319417 0.996057 1
15.5999999999968 0.00118476 0.00167327 0.997142 1
15.6999999999967 5.02118E-05 0.000325083 0.999625 1
15.7999999999967 0.000113025 0.000492297 0.999395 1
15.8999999999966 0.000295737 0.000999142 0.998705 1
15.9999999999966 0.00019729 0.000627714 0.999175 1
16.0999999999967 0.000504844 0.000907976 0.998587 1
16.1999999999968 0.00479577 0.00438427 0.99082 1
16.2999999999969 0.00265217 0.00553997 0.991808 1
16.3999999999971 0.013595 0.016169 0.970236 1
16.4999999999972 0.00262737 0.00872108 0.988652 1
16.5999999999973 0.0008819 0.00250139 0.996617 1
16.6999999999974 0.00634809 0.00847074 0.985181 1
16.7999999999975 0.000292012 0.00112602 0.998582 1
16.8999999999977 0.00128693 0.00250011 0.996213 1
16.9999999999978 0.000383187 0.00175005 0.997867 1
17.0999999999979 0.000214617 0.000378096 0.999407 1
17.199999999998 0.000181824 0.000517794 0.9993 1
17.2999999999982 0.00340591 0.0033404 0.993254 1
17.3999999999983 0.00253722 0.00472621 0.992737 1
17.4999999999984 0.00305795 0.00663677 0.990305 1
17.5999999999985 0.0030927 0.00855554 0.988352 1
17.6999999999986 0.000466188 0.00449659 0.995037 1
17.7999999999988 0.000800645 0.00178343 0.997416 1
17.8999999999989 0.000694638 0.00157706 0.997728 1
17.999999999999 0.000657456 0.00249632 0.996846 1
18.0999999999991 0.00272566 0.00451648 0.992758 1
18.1999999999993 0.00325718 0.00645655 0.990286 1
18.2999999999994 0.000313632 0.00326502 0.996421 1
18.3999999999995 0.00045053 0.00214301 0.997406 1
18.4999999999996 0.0016808 0.00371306 0.994606 1
18.5999999999997 0.00121499 0.00481119 0.993974 1
18.6999999999999 0.000633123 0.00170883 0.997658 1
18.8 0.00132931 0.00303248 0.995638 1
18.9000000000001 0.00176878 0.00448742 0.993744 1
19.0000000000002 0.00191451 0.00599164 0.992094 1
19.1000000000004 0.0104981 0.0172694 0.972233 1
19.2000000000005 0.0439256 0.0442127 0.911862 1
19.3000000000006 0.00040293 0.00190733 0.99769 1
19.4000000000007 0.000582478 0.00175503 0.997662 1
19.5000000000008 0.000653304 0.00270091 0.996646 1
19.600000000001 0.00529111 0.00890023 0.985809 1
19.7000000000011 0.00102023 0.00472594 0.994254 1
19.8000000000012 0.000212164 0.00116003 0.998628 1
19.9000000000013 0.000355245 0.00129936 0.998345 1
20.0000000000015 0.00402515 0.00527923 0.990696 1
20.1000000000016 0.00277836 0.00672187 0.9905 1
20.2000000000017 0.00018784 0.00165284 0.998159 1
20.3000000000018 0.000149848 0.001149 0.998701 1
20.4000000000019 0.000619088 0.00215495 0.997226 1
20.5000000000021 0.000167368 0.00133604 0.998497 1
20.6000000000022 0.000906799 0.00164982 0.997443 1
20.7000000000023 4.2237E-05 0.00012316 0.999835 1
20.8000000000024 0.00200846 0.00169005 0.996301 1
20.9000000000026 0.00213477 0.00307425 0.994791 1
21.0000000000027 0.000210802 0.00108374 0.998705 1
21.1000000000028 0.000118471 0.000312408 0.999569 1
21.2000000000029 0.00153323 0.00175662 0.99671 1
21.300000000003 0.00882887 0.0064026 0.984769 1
21.4000000000032 0.00056156 0.00184755 0.997591 1
21.5000000000033 0.000268477 0.000392543 0.999339 1
21.6000000000034 0.00211104 0.00207063 0.995818 1
21.7000000000035 0.00128231 0.00162266 0.997095 1
21.8000000000037 0.00778005 0.00604829 0.986172 1
21.9000000000038 0.0337936 0.0170386 0.949168 1
22.0000000000039 0.0160353 0.0190942 0.964871 1
22.100000000004 0.00154824 0.00937304 0.989079 1
22.2000000000041 0.001376 0.0108851 0.987739 1
22.3000000000043 0.00104633 0.0123374 0.986616 1
22.4000000000044 0.00691573 0.0331991 0.959885 1
22.5000000000045 0.000513002 0.00306358 0.996423 1
22.6000000000046 0.00070911 0.0022415 0.997049 1
22.7000000000048 0.000705149 0.00178604 0.997509 1
22.8000000000049 0.00149103 0.00313861 0.99537 1
22.900000000005 0.00133406 0.00428678 0.994379 1
23.0000000000051 0.000796484 0.00267894 0.996525 1
23.1000000000052 0.000934243 0.00211738 0.996948 1
23.2000000000054 0.00630609 0.00729239 0.986402 1
23.3000000000055 6.31237E-05 0.000253467 0.999683 1
23.4000000000056 0.000928399 0.00137917 0.997692 1
23.5000000000057 0.00042351 0.00138645 0.99819 1
23.6000000000059 0.00417666 0.00540448 0.990419 1
23.700000000006 9.84603E-05 0.000367724 0.999534 1
23.8000000000061 0.00280683 0.00276226 0.994431 1
23.9000000000062 0.0139398 0.00888603 0.977174 1
24.0000000000063 0.00817737 0.0108929 0.98093 1
24.1000000000065 0.00495368 0.0127513 0.982295 1
24.2000000000066 0.00338743 0.0146668 0.981946 1
24.3000000000067 0.00366326 0.0171162 0.979221 1
24.4000000000068 0.000589843 0.00817175 0.991238 1
24.500000000007 0.00111041 0.00969121 0.989198 1
24.6000000000071 0.00141364 0.0113258 0.987261 1
24.7000000000072 0.00135457 0.00609796 0.992547 1
24.8000000000073 0.00801943 0.0174206 0.97456 1
24.9000000000074 0.00220712 0.00909407 0.988699 1
25.0000000000076 0.00176611 0.0106142 0.98762 1
25.1000000000077 0.00971849 0.0287685 0.961513 1
25.2000000000078 0.00532282 0.0314786 0.963199 1
25.3000000000079 0.0236115 0.0784395 0.897949 1
25.4000000000081 0.0852102 0.171447 0.743342 1
25.5000000000082 0.0416243 0.187922 0.770454 1
25.6000000000083 0.125208 0.34154 0.533252 1
25.7000000000084 0.0106012 0.210809 0.77859 1
25.8000000000085 0.0372993 0.399761 0.56294 1
25.9000000000087 0.0943045 0.588276 0.31742 1
26.0000000000088 0.180889 0.677189 0.141922 1
26.1000000000089 0.0844375 0.756108 0.159455 1
26.200000000009 0.148415 0.784907 0.0666786 1
26.3000000000092 0.231905 0.74046 0.0276351 1
26.4000000000093 0.334434 0.652886 0.0126804 1
26.5000000000094 0.450823 0.542207 0.00696931 1
26.6000000000095 0.248623 0.734588 0.0167895 1
26.7000000000096 0.124749 0.852197 0.0230537 1
26.8000000000098 0.194199 0.793596 0.0122057 1
26.9000000000099 0.0955263 0.886423 0.0180511 1
27.00000000001 0.0470979 0.928513 0.0243895 1
27.1000000000101 0.0825098 0.903939 0.0135508 1
27.2000000000103 0.133938 0.85684 0.00922255 1
27.3000000000104 0.205247 0.787485 0.00726812 1
27.4000000000105 0.297877 0.696029 0.00609381 1
27.5000000000106 0.150635 0.836728 0.0126371 1
27.6000000000107 0.0689921 0.907427 0.0235809 1
27.7000000000109 0.00876344 0.912806 0.0784308 1
27.800000000011 0.00841442 0.909538 0.0820475 1
27.9000000000111 0.0233195 0.939872 0.0368087 1
28.0000000000112 0.046491 0.934954 0.0185552 1
28.1000000000114 0.0273372 0.949279 0.0233842 1
28.2000000000115 0.0524153 0.93418 0.0134047 1
28.3000000000116 0.0107472 0.946619 0.0426338 1
28.4000000000117 0.0268002 0.952197 0.0210024 1
28.5000000000118 0.0515329 0.935951 0.012516 1
28.600000000012 0.0124193 0.950743 0.0368375 1
28.7000000000121 0.0293947 0.951877 0.0187284 1
28.8000000000122 0.0554549 0.932909 0.0116362 1
28.9000000000123 0.0100034 0.946829 0.0431673 1
29.0000000000125 0.0256198 0.953159 0.0212211 1
29.1000000000126 0.0497198 0.93767 0.0126099 1
29.2000000000127 0.0247748 0.953978 0.0212474 1
29.3000000000128 0.00384059 0.925335 0.0708239 1
29.4000000000129 0.00881653 0.918562 0.0726213 1
29.5000000000131 0.0239083 0.943142 0.03295 1
29.6000000000132 0.0473212 0.935611 0.0170677 1
29.7000000000133 0.00901049 0.935711 0.0552782 1
29.8000000000134 0.0241116 0.949893 0.0259958 1
29.9000000000136 0.0474911 0.938085 0.0144241 1
30.0000000000137 0.0118442 0.945817 0.0423385 1
30.1000000000138 0.0285285 0.950606 0.0208651 1
30.2000000000139 0.0167628 0.955299 0.0279381 1
30.300000000014 0.00935504 0.952469 0.0381755 1
30.4000000000142 0.0245488 0.956163 0.0192881 1
30.5000000000143 0.0480231 0.940084 0.0118933 1
30.6000000000144 0.0119391 0.951241 0.0368202 1
30.7000000000145 0.0286254 0.952651 0.0187236 1
30.8000000000147 0.054268 0.934094 0.0116377 1
30.9000000000148 0.0284101 0.953142 0.0184475 1
31.0000000000149 0.0539305 0.934533 0.0115363 1
31.100000000015 0.092123 0.899137 0.0087401 1
31.2000000000151 0.0113935 0.946186 0.0424202 1
31.3000000000153 0.0100856 0.942283 0.0476319 1
31.4000000000154 0.0257684 0.951274 0.0229578 1
31.5000000000155 0.0499749 0.936771 0.0132544 1
31.6000000000156 0.0260867 0.953452 0.0204609 1
31.7000000000158 0.0504082 0.937279 0.0123126 1
31.8000000000159 0.0274303 0.954069 0.0185009 1
31.900000000016 0.0524252 0.936011 0.011564 1
32.0000000000161 0.0898886 0.90135 0.0087611 1
32.1000000000159 0.14411 0.848449 0.0074409 1
32.2000000000157 0.218728 0.774697 0.00657443 1
32.3000000000154 0.314545 0.679677 0.00577818 1
32.4000000000152 0.160889 0.827123 0.0119881 1
32.500000000015 0.241564 0.750423 0.00801215 1
32.6000000000147 0.342693 0.651204 0.0061032 1
32.7000000000145 0.45836 0.536754 0.00488576 1
32.8000000000143 0.253877 0.731509 0.0146138 1
32.900000000014 0.12337 0.852288 0.0243413 1
33.0000000000138 0.192426 0.794902 0.0126725 1
33.1000000000136 0.282513 0.709487 0.00799969 1
33.2000000000133 0.137825 0.842731 0.0194443 1
33.3000000000131 0.0687617 0.906593 0.0246454 1
33.4000000000129 0.114696 0.871922 0.0133825 1
33.5000000000126 0.0517565 0.923408 0.0248356 1
33.6000000000124 0.0894953 0.896857 0.0136478 1
33.7000000000122 0.00401475 0.893715 0.10227 1
33.8000000000119 0.0160996 0.938553 0.0453473 1
33.9000000000117 0.00893782 0.936348 0.0547137 1
34.0000000000115 0.0239619 0.950278 0.0257599 1
34.1000000000112 0.0131186 0.952111 0.0347704 1
34.200000000011 0.0103223 0.948743 0.0409347 1
34.3000000000108 0.0260742 0.953596 0.0203299 1
34.4000000000105 0.0503687 0.937377 0.0122545 1
34.5000000000103 0.0258997 0.954251 0.019849 1
34.6000000000101 0.0182586 0.957026 0.0247154 1
34.7000000000098 0.00607284 0.927947 0.0659805 1
34.8000000000096 0.00285739 0.841159 0.155984 1
34.9000000000094 0.00537784 0.839151 0.155471 1
35.0000000000091 0.0060483 0.838337 0.155615 1
35.1000000000089 0.00243754 0.681974 0.315588 1
35.2000000000087 0.00722466 0.68665 0.306125 1
35.3000000000084 0.00994695 0.692735 0.297318 1
35.4000000000082 0.0276233 0.832732 0.139645 1
35.500000000008 0.0180643 0.842228 0.139708 1
35.6000000000077 0.0398837 0.89914 0.0609759 1
35.7000000000075 0.0218143 0.912173 0.0660123 1
35.8000000000073 0.0117995 0.914826 0.0733748 1
35.900000000007 0.0286971 0.938141 0.0331616 1
36.0000000000068 0.0203086 0.942876 0.0368158 1
36.1000000000066 0.0417408 0.939682 0.0185775 1
36.2000000000063 0.0741683 0.914403 0.0114283 1
36.3000000000061 0.0360409 0.944728 0.019231 1
36.4000000000059 0.0185543 0.953401 0.0280444 1
36.5000000000056 0.0388554 0.945897 0.0152477 1
36.6000000000054 0.0696914 0.920085 0.0102233 1
36.7000000000052 0.115161 0.876725 0.00811415 1
36.8000000000049 0.0195333 0.951442 0.029025 1
36.9000000000047 0.0133553 0.951481 0.0351638 1
37.0000000000045 0.00329897 0.900313 0.0963878 1
37.1000000000042 0.00253125 0.785081 0.212388 1
37.200000000004 0.0135349 0.890731 0.0957341 1
37.3000000000038 0.0317392 0.925968 0.0422925 1
37.4000000000035 0.0161725 0.933082 0.0507458 1
37.5000000000033 0.00494589 0.868092 0.126962 1
37.6000000000031 0.0101083 0.864888 0.125004 1
37.7000000000028 0.0263431 0.918797 0.05486 1
37.8000000000026 0.00933801 0.862146 0.128516 1
37.9000000000024 0.0250744 0.918507 0.056419 1
38.0000000000021 0.0495927 0.924305 0.026102 1
38.1000000000019 0.0862809 0.899591 0.0141284 1
38.2000000000017 0.139351 0.851276 0.00937291 1
38.3000000000014 0.212556 0.780178 0.00726608 1
38.4000000000012 0.307003 0.686953 0.00604469 1
38.500000000001 0.418735 0.576189 0.00507657 1
38.6000000000007 0.53804 0.457773 0.0041865 1
38.7000000000005 0.652224 0.3444 0.0033758 1
38.8000000000003 0.750589 0.246722 0.00268887 1
38.9 0.827918 0.16993 0.00215215 1
38.9999999999998 0.884446 0.113793 0.00176097 1
39.0999999999996 0.425993 0.546402 0.0276047 1
39.1999999999993 0.0678333 0.821548 0.110619 1
39.2999999999991 0.0334776 0.850684 0.115838 1
39.3999999999989 0.0646382 0.885295 0.0500668 1
39.4999999999986 0.110078 0.867001 0.0229203 1
39.5999999999984 0.17378 0.81393 0.0122905 1
39.6999999999982 0.25846 0.733534 0.00800613 1
39.7999999999979 0.124727 0.856603 0.0186694 1
39.8999999999977 0.19368 0.795685 0.0106345 1
39.9999999999975 0.283794 0.708909 0.00729715 1
40.0999999999972 0.392469 0.601921 0.00561029 1
40.199999999997 0.0615688 0.901676 0.0367553 1
40.2999999999968 0.0316228 0.925748 0.0426289 1
40.3999999999965 0.0108254 0.885662 0.103513 1
40.4999999999963 0.00361267 0.768167 0.228221 1
40.5999999999961 0.0060682 0.770167 0.223765 1
40.6999999999958 0.019888 0.878983 0.101129 1
40.7999999999956 0.0116595 0.882855 0.105486 1
40.8999999999954 0.00988041 0.882822 0.107297 1
40.9999999999951 0.00720042 0.881545 0.111254 1
41.0999999999949 0.00353828 0.756735 0.239726 1
41.1999999999947 0.00420179 0.564085 0.431713 1
41.2999999999944 0.00548576 0.57315 0.421364 1
41.3999999999942 0.00717575 0.582342 0.410482 1
41.499999999994 0.0230423 0.767823 0.209134 1
41.5999999999937 0.0161807 0.777669 0.206151 1
41.6999999999935 0.0377123 0.870536 0.0917521 1
41.7999999999933 0.0189141 0.883372 0.0977139 1
41.899999999993 0.0157769 0.886126 0.0980973 1
41.9999999999928 0.00346801 0.779252 0.21728 1
42.0999999999926 0.00464466 0.780541 0.214814 1
42.1999999999924 0.0172804 0.885949 0.0967705 1
42.2999999999921 0.0378263 0.919584 0.0425898 1
42.3999999999919 0.0690101 0.910494 0.0204964 1
42.4999999999917 0.0367441 0.937779 0.0254768 1
42.5999999999914 0.0667809 0.919192 0.0140273 1
42.6999999999912 0.111107 0.8794 0.00949281 1
42.799999999991 0.0540625 0.93004 0.0158978 1
42.8999999999907 0.0924554 0.897254 0.0102911 1
42.9999999999905 0.147828 0.844239 0.0079329 1
43.0999999999903 0.0669788 0.913141 0.0198798 1
43.19999999999 0.111738 0.876641 0.011621 1
43.2999999999898 0.054199 0.927652 0.018149 1
43.3999999999896 0.0927622 0.896124 0.011114 1
43.4999999999893 0.0468578 0.936502 0.0166404 1
43.5999999999891 0.00709133 0.940563 0.0523456 1
43.6999999999889 0.0111553 0.93427 0.054575 1
43.7999999999886 0.0274173 0.946965 0.0256175 1
43.8999999999884 0.0524786 0.933337 0.0141845 1
43.9999999999882 0.0268114 0.951614 0.0215749 1
44.0999999999879 0.0514492 0.935881 0.0126696 1
44.1999999999877 0.088411 0.902462 0.00912692 1
44.2999999999875 0.141983 0.850472 0.00754476 1
44.3999999999872 0.215863 0.777537 0.00659983 1
44.499999999987 0.10203 0.881257 0.0167129 1
44.5999999999868 0.0158332 0.931054 0.0531128 1
44.6999999999865 0.00986731 0.930063 0.0600698 1
44.7999999999863 0.00214128 0.711486 0.286373 1
44.8999999999861 0.0126567 0.852986 0.134357 1
44.9999999999858 0.00881042 0.854862 0.136328 1
45.0999999999856 0.0241619 0.915997 0.0598415 1
45.1999999999854 0.0174828 0.919972 0.0625454 1
45.2999999999851 0.0376037 0.933752 0.0286438 1
45.3999999999849 0.068172 0.916635 0.0151929 1
45.4999999999847 0.113192 0.876917 0.00989171 1
45.5999999999844 0.176853 0.815525 0.00762203 1
45.6999999999842 0.0864682 0.900255 0.0132769 1
45.799999999984 0.139515 0.851447 0.00903803 1
45.8999999999837 0.212716 0.780155 0.00712893 1
45.9999999999835 0.102437 0.882876 0.0146876 1
46.0999999999833 0.0464644 0.92811 0.025426 1
46.199999999983 0.0233135 0.943291 0.0333953 1
46.2999999999828 0.0462709 0.936553 0.0171764 1
46.3999999999826 0.0808517 0.908328 0.0108199 1
46.4999999999823 0.0415811 0.942146 0.0162733 1
46.5999999999821 0.00658265 0.9396 0.0538177 1
46.6999999999819 0.00360049 0.865917 0.130482 1
46.7999999999816 0.00731691 0.862981 0.129703 1
46.8999999999814 0.0215787 0.92144 0.0569812 1
46.9999999999812 0.0440012 0.929649 0.0263495 1
47.0999999999809 0.0777936 0.907959 0.014247 1
47.1999999999807 0.0366645 0.940298 0.023037 1
47.2999999999805 0.00606016 0.92719 0.0667493 1
47.3999999999802 0.0192401 0.950195 0.0305646 1
47.49999999998 0.00793165 0.913867 0.0782018 1
47.5999999999798 0.0223301 0.942503 0.0351667 1
47.6999999999795 0.0447596 0.93738 0.0178603 1
47.7999999999793 0.0785977 0.910322 0.0110806 1
47.8999999999791 0.128045 0.863648 0.00830644 1
47.9999999999788 0.197094 0.795956 0.00695049 1
48.0999999999786 0.0915201 0.890052 0.0184275 1
48.1999999999784 0.147116 0.842051 0.0108332 1
48.2999999999781 0.223114 0.769199 0.00768707 1
48.3999999999779 0.106324 0.876518 0.0171575 1
48.4999999999777 0.0542273 0.923866 0.0219063 1
48.5999999999774 0.008431 0.926907 0.0646622 1
48.6999999999772 0.0230549 0.947279 0.0296663 1
48.799999999977 0.04577 0.938484 0.0157464 1
48.8999999999767 0.0800217 0.909693 0.0102856 1
48.9999999999765 0.0120032 0.949259 0.0387382 1
49.0999999999763 0.0285713 0.952049 0.0193796 1
49.199999999976 0.0540515 0.934146 0.0118023 1
49.2999999999758 0.092196 0.89904 0.00876405 1
49.3999999999756 0.0414619 0.938303 0.0202347 1
49.4999999999753 0.00549927 0.924981 0.0695195 1
49.5999999999751 0.0183122 0.950003 0.0316849 1
49.6999999999749 0.0384046 0.945022 0.0165733 1
49.7999999999746 0.068946 0.920397 0.0106566 1
49.8999999999744 0.114019 0.877758 0.00822294 1
49.9999999999742 0.17782 0.815166 0.0070145 1
50.0999999999739 0.262932 0.730903 0.00616467 1
50.1999999999737 0.367861 0.626774 0.00536497 1
50.2999999999735 0.485287 0.510166 0.00454671 1
50.3999999999732 0.603249 0.393004 0.00374736 1
50.499999999973 0.709547 0.28742 0.00303359 1
50.5999999999728 0.796339 0.201208 0.00245283 1
50.6999999999725 0.861669 0.136314 0.0020165 1
50.7999999999723 0.907892 0.0903998 0.00170829 1
50.8999999999721 0.93918 0.0593202 0.00150007 1
50.9999999999718 0.959728 0.038908 0.00136371 1
51.0999999999716 0.893522 0.0948908 0.0115872 1
51.1999999999714 0.933268 0.0627971 0.00393519 1
51.2999999999711 0.842717 0.144218 0.0130649 1
51.3999999999709 0.898776 0.0967229 0.00450136 1
51.4999999999707 0.772086 0.210783 0.0171309 1
51.5999999999704 0.849101 0.145054 0.00584416 1
51.6999999999702 0.900563 0.0967444 0.00269286 1
51.79999999997 0.934633 0.0636029 0.00176391 1
51.8999999999697 0.956847 0.0417076 0.00144522 1
51.9999999999695 0.893744 0.0996527 0.00660369 1
52.0999999999693 0.130145 0.577872 0.291983 1
52.199999999969 0.236659 0.637984 0.125358 1
52.2999999999688 0.359019 0.593695 0.0472858 1
52.3999999999686 0.48608 0.496173 0.0177462 1
52.4999999999683 0.607822 0.3846 0.00757845 1
52.5999999999681 0.714687 0.281244 0.00406914 1
52.6999999999679 0.800696 0.19659 0.00271449 1
52.7999999999676 0.86491 0.133009 0.00208035 1
52.8999999999674 0.910126 0.0881459 0.00172761 1
52.9999999999672 0.940645 0.0578425 0.00151257 1
53.0999999999669 0.960653 0.03797 0.00137738 1
53.1999999999667 0.973519 0.0251892 0.00129209 1
53.2999999999665 0.931164 0.0626934 0.00614264 1
53.3999999999662 0.956225 0.0412674 0.00250735 1
53.499999999966 0.971106 0.0273219 0.00157194 1
53.5999999999658 0.98026 0.0184278 0.00131251 1
53.6999999999655 0.946499 0.04714 0.00636083 1
53.7999999999653 0.966303 0.0311837 0.00251327 1
53.8999999999651 0.913272 0.0766497 0.0100779 1
53.9999999999648 0.945899 0.0505856 0.00351504 1
54.0999999999646 0.868228 0.118996 0.0127759 1
54.1999999999644 0.916404 0.0792523 0.00434351 1
54.2999999999642 0.945791 0.0520799 0.00212912 1
54.3999999999639 0.96421 0.0342722 0.00151771 1
54.4999999999637 0.911704 0.0827172 0.0055792 1
54.5999999999635 0.79563 0.184071 0.0202998 1
54.6999999999632 0.86762 0.125824 0.00655596 1
54.799999999963 0.722406 0.26201 0.0155837 1
54.8999999999628 0.810715 0.183587 0.0056975 1
54.9999999999625 0.873222 0.123972 0.00280602 1
55.0999999999623 0.729539 0.260221 0.0102403 1
55.1999999999621 0.814347 0.18138 0.00427293 1
55.2999999999618 0.875311 0.122249 0.0024395 1
55.3999999999616 0.917376 0.0808252 0.00179927 1
55.4999999999614 0.945451 0.0530236 0.00152515 1
55.5999999999611 0.963741 0.0348758 0.0013836 1
55.6999999999609 0.975458 0.0232404 0.00130195 1
55.7999999999607 0.982882 0.0158657 0.0012526 1
55.8999999999604 0.987552 0.0112257 0.00122236 1
55.9999999999602 0.990476 0.00832001 0.00120386 1
56.09999999996 0.992301 0.00650597 0.00119265 1
56.1999999999597 0.993438 0.00537584 0.00118599 1
56.2999999999595 0.994145 0.00467293 0.00118216 1
56.3999999999593 0.994583 0.00423641 0.0011801 1
56.499999999959 0.994855 0.00396579 0.00117913 1
56.5999999999588 0.995023 0.00379842 0.00117884 1
56.6999999999586 0.995126 0.00369529 0.00117898 1
56.7999999999583 0.995189 0.00363211 0.00117938 1
56.8999999999581 0.995226 0.00359376 0.00117993 1
56.9999999999579 0.995249 0.00357084 0.00118059 1
57.0999999999576 0.995261 0.00355753 0.00118131 1
57.1999999999574 0.979178 0.0126718 0.00815048 1
57.2999999999572 0.944575 0.0333655 0.0220592 1
57.3999999999569 0.869777 0.0790269 0.0511961 1
57.4999999999567 0.728935 0.166687 0.104379 1
57.5999999999565 0.848458 0.121714 0.0298281 1
57.6999999999562 0.690978 0.248316 0.0607061 1
57.799999999956 0.801912 0.179996 0.0180916 1
57.8999999999558 0.871363 0.122658 0.0059791 1
57.9999999999555 0.728652 0.256703 0.0146459 1
58.0999999999553 0.815197 0.179367 0.0054362 1
58.1999999999551 0.876319 0.12094 0.00274116 1
58.2999999999548 0.732881 0.255051 0.0120682 1
58.3999999999546 0.817543 0.17771 0.00474707 1
58.4999999999544 0.877747 0.119691 0.0025628 1
58.5999999999541 0.137736 0.735074 0.12719 1
58.6999999999539 0.00282776 0.482139 0.515034 1
58.7999999999537 0.00536918 0.492343 0.502288 1
58.8999999999534 0.00227307 0.291502 0.706225 1
58.9999999999532 0.00306942 0.301893 0.695038 1
59.099999999953 0.0143096 0.524308 0.461383 1
59.1999999999527 0.0386609 0.718038 0.243301 1
59.2999999999525 0.0225103 0.73595 0.241539 1
59.3999999999523 0.0495154 0.841693 0.108792 1
59.499999999952 0.0255473 0.861763 0.11269 1
59.5999999999518 0.0514769 0.899591 0.0489321 1
59.6999999999516 0.0270181 0.918775 0.0542071 1
59.7999999999513 0.018564 0.924251 0.0571846 1
59.8999999999511 0.0391051 0.934464 0.0264306 1
59.9999999999509 0.0226607 0.945732 0.0316077 1
60.0999999999506 0.0140916 0.948007 0.0379014 1
60.1999999999504 0.00890353 0.945207 0.0458891 1
60.2999999999502 0.00957931 0.940418 0.0500023 1
60.3999999999499 0.0120941 0.935601 0.0523048 1
60.4999999999497 0.028732 0.946643 0.0246251 1
60.5999999999495 0.0543331 0.93195 0.0137173 1
60.6999999999492 0.0274512 0.95147 0.0210786 1
60.799999999949 0.0148944 0.955625 0.0294807 1
60.8999999999488 0.03292 0.951356 0.0157241 1
60.9999999999485 0.0181142 0.958665 0.0232207 1
61.0999999999483 0.0121879 0.957848 0.0299641 1
61.1999999999481 0.0286695 0.955388 0.0159424 1
61.2999999999478 0.00550105 0.942367 0.0521319 1
61.3999999999476 0.00802965 0.936056 0.0559142 1
61.4999999999474 0.0222371 0.951637 0.0261256 1
61.5999999999471 0.0115231 0.952281 0.0361964 1
61.6999999999469 0.0276718 0.953982 0.0183461 1
61.7999999999467 0.0525427 0.936088 0.011369 1
61.8999999999464 0.089852 0.901581 0.00856711 1
61.9999999999462 0.1439 0.848829 0.00727062 1
62.099999999946 0.218349 0.775207 0.00644435 1
62.1999999999457 0.0347942 0.94012 0.025086 1
62.2999999999455 0.0636334 0.922551 0.0138158 1
62.3999999999453 0.0288841 0.946133 0.0249829 1
62.499999999945 0.0177589 0.951629 0.0306123 1
62.5999999999448 0.015035 0.950552 0.0344125 1
62.6999999999446 0.033187 0.949207 0.017606 1
62.7999999999443 0.0609542 0.92801 0.0110356 1
62.8999999999441 0.00293507 0.906187 0.0908776 1
62.9999999999439 0.0140038 0.945526 0.0404706 1
63.0999999999436 0.00868316 0.942755 0.0485623 1
63.1999999999434 0.0070201 0.937736 0.0552442 1
63.2999999999432 0.00650421 0.865499 0.127996 1
63.3999999999429 0.0200411 0.923754 0.0562052 1
63.4999999999427 0.0414097 0.932586 0.026004 1
63.5999999999425 0.0737343 0.912185 0.0140804 1
63.6999999999422 0.0344728 0.942293 0.0232347 1
63.799999999942 0.0186011 0.950869 0.0305301 1
63.8999999999418 0.0387191 0.945213 0.0160675 1
63.9999999999415 0.0693027 0.920289 0.0104085 1
64.099999999942 0.114445 0.877476 0.00807912 1
64.1999999999425 0.178343 0.814738 0.00691938 1
64.299999999943 0.263569 0.730331 0.00610061 1
64.3999999999434 0.368594 0.626077 0.00532825 1
64.4999999999439 0.195741 0.793664 0.0105955 1
64.5999999999444 0.286371 0.706403 0.00722613 1
64.6999999999449 0.395426 0.599013 0.00556164 1
64.7999999999454 0.213695 0.775484 0.0108216 1
64.8999999999458 0.308976 0.683844 0.00718034 1
64.9999999999463 0.421204 0.573375 0.00542145 1
65.0999999999468 0.0689516 0.893838 0.0372107 1
65.1999999999473 0.0344645 0.922269 0.043267 1
65.2999999999477 0.0636724 0.915612 0.0207154 1
65.3999999999482 0.10679 0.881333 0.0118772 1
65.4999999999487 0.168049 0.82364 0.00831107 1
65.5999999999492 0.250401 0.742962 0.00663669 1
65.6999999999497 0.123117 0.863345 0.0135382 1
65.7999999999501 0.190843 0.800388 0.00876856 1
65.8999999999506 0.279865 0.713493 0.00664271 1
65.9999999999511 0.387776 0.606813 0.00541095 1
66.0999999999516 0.205312 0.781317 0.0133712 1
66.199999999952 0.298896 0.693014 0.00808958 1
66.2999999999525 0.0408373 0.906497 0.0526661 1
66.399999999953 0.0738373 0.901931 0.024232 1
66.4999999999535 0.121922 0.865019 0.013059 1
66.599999999954 0.0564567 0.921515 0.0220279 1
66.6999999999544 0.0283845 0.942588 0.0290277 1
66.7999999999549 0.0538735 0.930761 0.0153658 1
66.8999999999554 0.00978497 0.943123 0.0470919 1
66.9999999999559 0.0249634 0.952439 0.0225977 1
67.0999999999563 0.0140931 0.955391 0.0305158 1
67.1999999999568 0.00224432 0.822849 0.174907 1
67.2999999999573 0.00179153 0.437467 0.560741 1
67.3999999999578 0.00271225 0.447691 0.549597 1
67.4999999999582 0.00550549 0.458286 0.536209 1
67.5999999999587 0.00386574 0.469074 0.52706 1
67.6999999999592 0.0160831 0.68733 0.296587 1
67.7999999999597 0.0125399 0.697222 0.290238 1
67.8999999999602 0.00226751 0.496917 0.500816 1
67.9999999999606 0.00245304 0.506342 0.491205 1
68.0999999999611 0.000818225 0.149033 0.850149 1
68.1999999999616 0.00683409 0.312942 0.680224 1
68.2999999999621 0.000136718 0.0730044 0.926859 1
68.3999999999625 0.000576144 0.014158 0.985266 1
68.499999999963 8.5923E-05 0.00273441 0.99718 1
68.5999999999635 0.000121758 0.00150612 0.998372 1
68.699999999964 5.39172E-05 0.000520245 0.999426 1
68.7999999999645 0.000160456 0.000496175 0.999343 1
68.8999999999649 8.43648E-05 0.000344394 0.999571 1
68.9999999999654 0.000241584 0.000490215 0.999268 1
69.0999999999659 0.000369015 0.00107769 0.998553 1
69.1999999999664 0.00323101 0.0040684 0.992701 1
69.2999999999668 0.0149878 0.0116976 0.973315 1
69.3999999999673 0.00754611 0.0131737 0.97928 1
69.4999999999678 0.000368733 0.00280389 0.996827 1
69.5999999999683 0.000953338 0.00381667 0.99523 1
69.6999999999688 0.00568544 0.0111238 0.983191 1
69.7999999999692 0.0247421 0.029253 0.946005 1
69.8999999999697 0.000495985 0.00579901 0.993705 1
69.9999999999702 0.00383388 0.0162159 0.97995 1
70.0999999999707 0.0173621 0.0419638 0.940674 1
70.1999999999711 0.000518668 0.00815349 0.991328 1
70.2999999999716 0.00089626 0.00939953 0.989704 1
70.3999999999721 0.000878179 0.0106147 0.988507 1
70.4999999999726 0.000825334 0.00542236 0.993752 1
70.5999999999731 0.000182612 0.00050971 0.999308 1
70.6999999999735 0.000820116 0.001073 0.998107 1
70.799999999974 0.000302691 0.000510176 0.999187 1
70.8999999999745 0.00109221 0.00116074 0.997747 1
70.999999999975 0.00622036 0.00427475 0.989505 1
71.0999999999754 0.00052184 0.00231932 0.997159 1
71.1999999999759 0.00019787 0.00146884 0.998333 1
71.2999999999764 0.0007246 0.00232867 0.996947 1
71.3999999999769 0.000198777 0.000464065 0.999337 1
71.4999999999773 0.000506895 0.000655964 0.998837 1
71.5999999999778 0.0011309 0.0016039 0.997265 1
71.6999999999783 0.00108897 0.00243311 0.996478 1
71.7999999999788 0.000319131 0.0015687 0.998112 1
71.8999999999793 0.00157502 0.00281213 0.995613 1
71.9999999999797 0.00822424 0.00852488 0.983251 1
72.0999999999802 0.034772 0.0226367 0.942591 1
72.1999999999807 0.00263783 0.0109702 0.986392 1
72.2999999999812 0.000492356 0.00526895 0.994239 1
72.3999999999816 0.000150476 0.000589 0.999261 1
72.4999999999821 0.00116126 0.00162759 0.997211 1
72.5999999999826 0.000138521 0.000989918 0.998872 1
72.6999999999831 0.000360822 0.00163005 0.998009 1
72.7999999999836 0.00117243 0.00268505 0.996143 1
72.899999999984 0.00121448 0.0036321 0.995153 1
72.9999999999845 0.000200018 0.000984013 0.998816 1
73.099999999985 0.00048667 0.00103439 0.998479 1
73.1999999999855 0.00371192 0.00395062 0.992337 1
73.2999999999859 0.00270765 0.00512426 0.992168 1
73.3999999999864 0.000246716 0.00139207 0.998361 1
73.4999999999869 0.000286228 0.00114743 0.998566 1
73.5999999999874 0.000996269 0.00210679 0.996897 1
73.6999999999879 0.000204134 0.00124022 0.998556 1
73.7999999999883 0.000107148 0.000426522 0.999466 1
73.8999999999888 0.000179471 0.000528035 0.999292 1
73.9999999999893 0.000202253 0.000678165 0.99912 1
74.0999999999898 0.000477703 0.00135282 0.998169 1
74.1999999999902 0.000430486 0.00195781 0.997612 1
74.2999999999907 0.00165328 0.00323323 0.995113 1
74.3999999999912 0.00103925 0.00398727 0.994973 1
74.4999999999917 0.00205622 0.0054234 0.99252 1
74.5999999999922 0.00117832 0.00331599 0.995506 1
74.6999999999926 0.00109477 0.00423367 0.994672 1
74.7999999999931 0.00626678 0.0121847 0.981549 1
74.8999999999936 0.0270077 0.0318135 0.941179 1
74.9999999999941 0.0140228 0.0350501 0.950927 1
75.0999999999945 0.00107497 0.0160234 0.982902 1
75.199999999995 0.00104288 0.0176461 0.981311 1
75.2999999999955 0.000409552 0.00814077 0.99145 1
75.399999999996 0.00351349 0.0221759 0.974311 1
75.4999999999964 5.07001E-05 0.00173434 0.998215 1
75.5999999999969 0.0019164 0.00576955 0.992314 1
75.6999999999974 9.61463E-05 0.000207188 0.999697 1
75.7999999999979 0.000736358 0.00102649 0.998237 1
75.8999999999984 0.00129125 0.00202057 0.996688 1
75.9999999999988 0.000113967 0.000683581 0.999202 1
76.0999999999993 0.000874746 0.00115207 0.997973 1
76.1999999999998 0.000990098 0.00196628 0.997044 1
76.3000000000003 0.000944424 0.00277227 0.996283 1
76.4000000000007 7.86903E-05 0.000740428 0.999181 1
76.5000000000012 0.000299924 0.00134542 0.998355 1
76.6000000000017 0.000498455 0.00204392 0.997458 1
76.7000000000022 0.00377786 0.00656467 0.989657 1
76.8000000000027 0.00243037 0.00773782 0.989832 1
76.9000000000031 0.00125776 0.00238031 0.996362 1
77.0000000000036 0.00126667 0.00331664 0.995417 1
77.1000000000041 0.000205015 0.00176781 0.998027 1
77.2000000000046 0.00255823 0.00585497 0.991587 1
77.300000000005 0.0122554 0.0162613 0.971483 1
77.4000000000055 0.049895 0.0410604 0.909045 1
77.500000000006 0.172121 0.0886719 0.739207 1
77.6000000000065 0.427429 0.137966 0.434604 1
77.700000000007 0.242611 0.189508 0.567881 1
77.8000000000074 0.490055 0.238448 0.271497 1
77.9000000000079 0.284123 0.341805 0.374072 1
78.0000000000084 0.485745 0.362264 0.151992 1
78.1000000000089 0.280789 0.511368 0.207843 1
78.2000000000093 0.434328 0.487984 0.0776876 1
78.3000000000098 0.574002 0.399558 0.0264406 1
78.4000000000103 0.350116 0.604012 0.0458727 1
78.5000000000108 0.182536 0.757481 0.059983 1
78.6000000000112 0.27685 0.698626 0.0245243 1
78.7000000000117 0.134772 0.827533 0.0376953 1
78.8000000000122 0.062586 0.890439 0.0469746 1
78.9000000000127 0.0300773 0.915535 0.0543876 1
79.0000000000132 0.00704195 0.860533 0.132425 1
79.1000000000136 0.00818004 0.859761 0.132059 1
79.2000000000141 0.0022369 0.721951 0.275813 1
79.3000000000146 0.0126325 0.858843 0.128524 1
79.4000000000151 0.030331 0.913487 0.0561823 1
79.5000000000155 0.0576012 0.916612 0.025787 1
79.600000000016 0.0980509 0.888145 0.0138037 1
79.7000000000165 0.0460188 0.931955 0.0220267 1
79.800000000017 0.080527 0.906939 0.0125344 1
79.9000000000175 0.130826 0.860427 0.00874634 1
80.0000000000179 0.0196341 0.945083 0.0352831 1
80.1000000000184 0.00488597 0.901271 0.0938433 1
80.2000000000189 0.0172036 0.941158 0.0416389 1
80.3000000000194 0.0366663 0.942986 0.0203477 1
80.4000000000198 0.00629559 0.934217 0.0594878 1
80.5000000000203 0.0194155 0.953021 0.0275635 1
80.6000000000208 0.0399207 0.945164 0.0149157 1
80.7000000000213 0.071061 0.918978 0.00996083 1
80.8000000000218 0.0336716 0.947663 0.0186654 1
80.9000000000222 0.0169285 0.955047 0.0280242 1
81.0000000000227 0.00269394 0.908497 0.088809 1
81.1000000000232 0.0135754 0.946822 0.0396031 1
81.2000000000237 0.0309141 0.94947 0.0196157 1
81.3000000000241 0.0575134 0.930693 0.011794 1
81.4000000000246 0.0972117 0.894122 0.0086665 1
81.5000000000251 0.0138868 0.950405 0.0357086 1
81.6000000000256 0.0313654 0.950528 0.0181071 1
81.7000000000261 0.058164 0.930609 0.0112271 1
81.8000000000265 0.0264767 0.950994 0.0225292 1
81.900000000027 0.050772 0.936294 0.0129336 1
82.0000000000275 0.0872647 0.903596 0.00913943 1
82.100000000028 0.140242 0.852277 0.00748137 1
82.2000000000284 0.0641102 0.918039 0.0178511 1
82.3000000000289 0.107266 0.881913 0.0108202 1
82.4000000000294 0.0525505 0.930659 0.01679 1
82.5000000000299 0.0900919 0.899369 0.0105393 1
