0 0.333333 0.333333 0.333333 1
0.1 0.537851 0.333932 0.128217 1
0.2 0.691716 0.267495 0.0407896 1
0.3 0.794709 0.192264 0.0130275 1
0.4 0.863257 0.131501 0.00524109 1
0.5 0.908856 0.0880219 0.00312181 1
0.6 0.789514 0.195574 0.0149123 1
0.700000000000001 0.86013 0.134121 0.00574929 1
0.800000000000001 0.906862 0.0898699 0.00326769 1
0.900000000000001 0.792268 0.197797 0.0099354 1
1 0.860312 0.135197 0.00449035 1
1.09999999999999 0.906491 0.0905357 0.00297328 1
1.19999999999998 0.937128 0.0603525 0.00251906 1
1.29999999999997 0.957035 0.0406048 0.00236042 1
1.39999999999996 0.96976 0.0279459 0.00229389 1
1.49999999999995 0.9778 0.0199373 0.00226245 1
1.59999999999993 0.982838 0.0149146 0.00224758 1
1.69999999999992 0.942217 0.0427405 0.0150429 1
1.79999999999991 0.965038 0.0296024 0.00535974 1
1.8999999999999 0.975927 0.0210587 0.00301433 1
1.99999999999989 0.98189 0.0156597 0.00245073 1
2.09999999999988 0.985398 0.0122863 0.00231541 1
2.19999999999987 0.987524 0.0101919 0.00228446 1
2.29999999999986 0.988821 0.00889838 0.00228016 1
2.39999999999985 0.96485 0.025832 0.00931754 1
2.49999999999984 0.977237 0.0187792 0.00398362 1
2.59999999999982 0.982993 0.0142944 0.00271254 1
2.69999999999981 0.986096 0.0114918 0.00241264 1
2.7999999999998 0.987901 0.00975428 0.00234434 1
2.89999999999979 0.988984 0.00868368 0.00233216 1
2.99999999999978 0.989637 0.00802868 0.00233423 1
3.09999999999977 0.962009 0.0254972 0.0124933 1
3.19999999999976 0.976545 0.0186697 0.00478517 1
3.29999999999975 0.982755 0.0142983 0.00294649 1
3.39999999999974 0.946047 0.0402092 0.0137438 1
3.49999999999973 0.854645 0.0995892 0.0457657 1
3.59999999999971 0.917797 0.0687745 0.0134283 1
3.6999999999997 0.948224 0.0466234 0.00515303 1
3.79999999999969 0.964836 0.0320486 0.00311563 1
3.89999999999968 0.908294 0.0797032 0.0120024 1
3.99999999999967 0.941365 0.0537839 0.00485138 1
4.0999999999997 0.960262 0.0366621 0.00307566 1
4.19999999999974 0.971669 0.0256989 0.00263212 1
4.29999999999977 0.978699 0.0187828 0.0025178 1
4.3999999999998 0.983054 0.0144577 0.00248782 1
4.49999999999984 0.985749 0.0117693 0.00248164 1
4.59999999999987 0.98741 0.010107 0.00248349 1
4.6999999999999 0.988426 0.00908498 0.00248875 1
4.79999999999994 0.947899 0.0313536 0.0207478 1
4.89999999999997 0.865682 0.0787083 0.0556097 1
5 0.929046 0.0550089 0.0159451 1
5.10000000000004 0.956339 0.0378413 0.00581965 1
5.20000000000007 0.970053 0.0265926 0.00335393 1
5.3000000000001 0.977786 0.0194542 0.0027598 1
5.40000000000014 0.982399 0.0149832 0.00261733 1
5.50000000000017 0.985211 0.0122033 0.00258529 1
5.6000000000002 0.986934 0.0104846 0.00258158 1
5.70000000000024 0.987986 0.00942828 0.00258601 1
5.80000000000027 0.988622 0.00878425 0.00259328 1
5.90000000000031 0.989002 0.00839634 0.0026018 1
6.00000000000034 0.989222 0.00816737 0.00261099 1
6.10000000000037 0.989342 0.008037 0.00262059 1
6.20000000000041 0.989402 0.00796779 0.00263045 1
6.30000000000044 0.989423 0.00793653 0.0026405 1
6.40000000000047 0.98942 0.00792883 0.00265068 1
6.50000000000051 0.989403 0.00793578 0.00266096 1
6.60000000000054 0.989377 0.00795187 0.00267133 1
6.70000000000057 0.989345 0.00797368 0.00268177 1
6.80000000000061 0.989309 0.00799909 0.00269227 1
6.90000000000064 0.98927 0.0080268 0.00270284 1
7.00000000000067 0.989231 0.00805599 0.00271347 1
7.10000000000071 0.967226 0.023412 0.00936178 1
7.20000000000074 0.977948 0.0177306 0.00432093 1
7.30000000000077 0.920221 0.0523627 0.0274159 1
7.40000000000081 0.954559 0.0366513 0.00878928 1
7.50000000000084 0.969637 0.0261312 0.00423174 1
7.60000000000087 0.911978 0.0687296 0.0192924 1
7.70000000000091 0.94598 0.0471585 0.00686135 1
7.80000000000094 0.963362 0.0328255 0.00381254 1
7.90000000000097 0.973251 0.0236719 0.00307731 1
8.00000000000101 0.979178 0.0179198 0.00290186 1
8.10000000000095 0.939318 0.0483372 0.0123449 1
8.20000000000089 0.961085 0.0337529 0.00516188 1
8.30000000000084 0.972243 0.0243257 0.00343089 1
8.40000000000078 0.978598 0.0183819 0.00301974 1
8.50000000000073 0.982399 0.0146755 0.0029255 1
8.60000000000067 0.771736 0.13072 0.0975441 1
8.70000000000062 0.876958 0.0948487 0.0281934 1
8.80000000000056 0.925711 0.0650471 0.00924199 1
8.90000000000051 0.950957 0.0445418 0.00450111 1
9.00000000000045 0.965413 0.0312404 0.0033467 1
9.1000000000004 0.974121 0.0228104 0.00306811 1
9.20000000000034 0.979466 0.0175304 0.00300323 1
9.30000000000028 0.94174 0.0468371 0.0114225 1
9.40000000000023 0.962055 0.0329069 0.00503778 1
9.50000000000017 0.972559 0.0239365 0.00350483 1
9.60000000000012 0.978565 0.0182917 0.00314324 1
9.70000000000006 0.982161 0.0147768 0.00306241 1
9.80000000000001 0.984347 0.0126034 0.00304974 1
9.89999999999995 0.985677 0.0112682 0.00305434 1
9.9999999999999 0.986482 0.0104546 0.0030638 1
10.0999999999998 0.98696 0.00996502 0.00307492 1
10.1999999999998 0.987237 0.00967627 0.00308677 1
10.2999999999997 0.987389 0.00951197 0.003099 1
10.3999999999997 0.987464 0.00942479 0.00311149 1
10.4999999999996 0.98749 0.00938539 0.00312416 1
10.5999999999996 0.987487 0.00937562 0.00313696 1
10.6999999999995 0.987466 0.00938427 0.00314986 1
10.7999999999995 0.987433 0.00940437 0.00316287 1
10.8999999999994 0.987392 0.00943164 0.00317595 1
10.9999999999993 0.987347 0.00946342 0.00318912 1
11.0999999999993 0.9873 0.00949806 0.00320236 1
11.1999999999992 0.98725 0.00953456 0.00321568 1
11.2999999999992 0.987199 0.00957229 0.00322907 1
11.3999999999991 0.987147 0.00961085 0.00324254 1
11.4999999999991 0.987094 0.00965002 0.00325608 1
11.599999999999 0.987041 0.00968964 0.00326969 1
11.699999999999 0.986987 0.00972962 0.00328338 1
11.7999999999989 0.986933 0.0097699 0.00329714 1
11.8999999999988 0.986879 0.00981046 0.00331097 1
11.9999999999988 0.986824 0.00985128 0.00332488 1
12.0999999999987 0.986769 0.00989233 0.00333887 1
12.1999999999987 0.953711 0.0310235 0.0152655 1
12.2999999999986 0.970508 0.0232831 0.00620865 1
12.3999999999986 0.977633 0.0183103 0.00405643 1
12.4999999999985 0.981238 0.0152038 0.00355795 1
12.5999999999985 0.983263 0.0132865 0.00345044 1
12.6999999999984 0.984451 0.0121137 0.00343535 1
12.7999999999983 0.985154 0.011404 0.00344236 1
12.8999999999983 0.985564 0.0109815 0.00345484 1
12.9999999999982 0.985794 0.010737 0.00346879 1
13.0999999999982 0.985914 0.0106025 0.00348325 1
13.1999999999981 0.985966 0.0105362 0.00349793 1
13.2999999999981 0.985975 0.0105122 0.00351275 1
13.399999999998 0.985958 0.0105143 0.00352769 1
13.499999999998 0.985925 0.0105327 0.00354273 1
13.5999999999979 0.985881 0.0105611 0.00355786 1
13.6999999999978 0.985831 0.010596 0.00357308 1
13.7999999999978 0.985777 0.0106348 0.00358838 1
13.8999999999977 0.948631 0.0338693 0.0174998 1
13.9999999999977 0.967679 0.0253863 0.00693419 1
14.0999999999976 0.975674 0.019907 0.00441868 1
14.1999999999976 0.979684 0.0164793 0.00383639 1
14.2999999999975 0.981926 0.0143633 0.00371095 1
14.3999999999975 0.983238 0.0130692 0.00369315 1
14.4999999999974 0.984013 0.0122863 0.00370084 1
14.5999999999973 0.984465 0.0118204 0.00371469 1
14.6999999999973 0.984719 0.0115508 0.00373012 1
14.7999999999972 0.984851 0.0114025 0.00374603 1
14.8999999999972 0.984909 0.0113293 0.00376214 1
14.9999999999971 0.938045 0.0383182 0.0236372 1
15.0999999999971 0.962935 0.0285105 0.00855461 1
15.199999999997 0.972992 0.0220735 0.00493483 1
15.299999999997 0.901462 0.0650724 0.033466 1
15.3999999999969 0.779007 0.145684 0.0753097 1
15.4999999999968 0.872814 0.104622 0.0225646 1
15.5999999999968 0.724027 0.222267 0.0537059 1
15.6999999999967 0.509796 0.392189 0.0980152 1
15.7999999999967 0.294242 0.561881 0.143876 1
15.8999999999966 0.147622 0.681822 0.170555 1
15.9999999999966 0.243998 0.688303 0.0676986 1
16.0999999999967 0.356522 0.61791 0.0255688 1
16.1999999999968 0.478024 0.511305 0.0106712 1
16.2999999999969 0.597798 0.396309 0.00589295 1
16.3999999999971 0.704523 0.29099 0.00448749 1
16.4999999999972 0.790875 0.205008 0.00411707 1
16.5999999999973 0.594642 0.387823 0.0175344 1
16.6999999999974 0.705515 0.286756 0.0077294 1
16.7999999999975 0.491239 0.493424 0.0153366 1
16.8999999999977 0.611692 0.381053 0.00725448 1
16.9999999999978 0.716701 0.278409 0.0048906 1
17.0999999999979 0.800331 0.195398 0.00427092 1
17.199999999998 0.862006 0.133853 0.00414107 1
17.2999999999982 0.904881 0.0909816 0.00413709 1
17.3999999999983 0.933451 0.062388 0.00416092 1
17.4999999999984 0.951944 0.0438677 0.00418825 1
17.5999999999985 0.875971 0.107395 0.016634 1
17.6999999999986 0.918801 0.0739506 0.00724851 1
17.7999999999988 0.810691 0.167818 0.0214913 1
17.8999999999989 0.875429 0.11601 0.00856042 1
17.999999999999 0.728066 0.246086 0.025848 1
18.0999999999991 0.516464 0.434684 0.0488525 1
18.1999999999993 0.645355 0.337548 0.0170977 1
18.2999999999994 0.415317 0.543376 0.0413072 1
18.3999999999995 0.224595 0.718744 0.0566606 1
18.4999999999996 0.329973 0.648271 0.021756 1
18.5999999999997 0.447946 0.542583 0.00947179 1
18.6999999999999 0.245571 0.733316 0.0211128 1
18.8 0.117752 0.853319 0.0289291 1
18.9000000000001 0.182787 0.804702 0.0125106 1
19.0000000000002 0.268954 0.724482 0.00656472 1
19.1000000000004 0.374729 0.620679 0.00459181 1
19.2000000000005 0.492398 0.503539 0.00406255 1
19.3000000000006 0.609487 0.386485 0.00402809 1
19.4000000000007 0.713642 0.282219 0.00413971 1
19.5000000000008 0.7974 0.198327 0.00427347 1
19.600000000001 0.859435 0.136175 0.00439011 1
19.7000000000011 0.902626 0.0928917 0.00448185 1
19.8000000000012 0.93141 0.0640384 0.0045516 1
19.9000000000013 0.950029 0.0453662 0.00460473 1
20.0000000000015 0.961835 0.0335187 0.0046462 1
20.1000000000016 0.969219 0.0261007 0.00467985 1
20.2000000000017 0.973792 0.0215001 0.00470835 1
20.3000000000018 0.976598 0.0186689 0.00473352 1
20.4000000000019 0.978303 0.0169402 0.00475654 1
20.5000000000021 0.979327 0.0158953 0.00477818 1
20.6000000000022 0.979928 0.015273 0.00479894 1
20.7000000000023 0.980269 0.0149116 0.00481911 1
20.8000000000024 0.94275 0.0416322 0.0156174 1
20.9000000000026 0.961051 0.0315568 0.00739199 1
21.0000000000027 0.862672 0.0892719 0.0480566 1
21.1000000000028 0.920575 0.0638676 0.0155571 1
21.2000000000029 0.94675 0.0458311 0.00741889 1
21.300000000003 0.960383 0.0341237 0.00549378 1
21.4000000000032 0.968182 0.0267538 0.00506439 1
21.5000000000033 0.972836 0.0221783 0.00498535 1
21.6000000000034 0.975652 0.0193626 0.00498581 1
21.7000000000035 0.921598 0.0559537 0.0224487 1
21.8000000000037 0.817506 0.129397 0.0530972 1
21.9000000000038 0.890922 0.0919647 0.0171133 1
22.0000000000039 0.92774 0.0643621 0.00789826 1
22.100000000004 0.948235 0.0460678 0.00569702 1
22.2000000000041 0.960392 0.0344017 0.00520675 1
22.3000000000043 0.967788 0.0270939 0.00511804 1
22.4000000000044 0.972317 0.0225636 0.00511902 1
22.5000000000045 0.975086 0.0197766 0.00513761 1
22.6000000000046 0.976768 0.0180743 0.00515806 1
22.7000000000048 0.977779 0.0170435 0.00517742 1
22.8000000000049 0.978377 0.016427 0.00519549 1
22.900000000005 0.978722 0.0160655 0.0052125 1
23.0000000000051 0.978911 0.0158605 0.00522868 1
23.1000000000052 0.935805 0.0455248 0.0186698 1
23.2000000000054 0.957088 0.0344967 0.00841495 1
23.3000000000055 0.966642 0.0273685 0.00598969 1
23.4000000000056 0.887602 0.0779952 0.0344029 1
23.5000000000057 0.931599 0.0560748 0.0123266 1
23.6000000000059 0.951954 0.0411184 0.00692746 1
23.700000000006 0.962785 0.0315449 0.00566997 1
23.8000000000061 0.969049 0.0255551 0.00539618 1
23.9000000000062 0.972804 0.0218469 0.00534916 1
24.0000000000063 0.975082 0.0195664 0.00535169 1
24.1000000000065 0.976465 0.0181718 0.00536334 1
24.2000000000066 0.977301 0.017324 0.0053754 1
24.3000000000067 0.977801 0.0168127 0.0053863 1
24.4000000000068 0.978096 0.0165079 0.00539595 1
24.500000000007 0.978266 0.0163292 0.00540451 1
24.6000000000071 0.978361 0.0162274 0.00541212 1
24.7000000000072 0.978409 0.016172 0.00541886 1
24.8000000000073 0.978431 0.0161443 0.00542478 1
24.9000000000074 0.978437 0.0161328 0.00542993 1
25.0000000000076 0.978435 0.0161305 0.0054343 1
25.1000000000077 0.978429 0.0161329 0.00543792 1
25.2000000000078 0.978422 0.0161375 0.00544078 1
25.3000000000079 0.978415 0.0161424 0.00544287 1
25.4000000000081 0.978409 0.0161468 0.00544421 1
25.5000000000082 0.978405 0.01615 0.00544479 1
25.6000000000083 0.922953 0.0505376 0.0265094 1
25.7000000000084 0.951496 0.0380595 0.0104448 1
25.8000000000085 0.963607 0.0298057 0.00658692 1
25.9000000000087 0.969722 0.0245913 0.00568678 1
26.0000000000088 0.973174 0.021345 0.00548123 1
26.1000000000089 0.714149 0.169208 0.116643 1
26.200000000009 0.837239 0.127205 0.0355562 1
26.3000000000092 0.89776 0.089472 0.0127676 1
26.4000000000093 0.930105 0.0628204 0.00707439 1
26.5000000000094 0.948904 0.0453634 0.00573251 1
26.6000000000095 0.861625 0.113234 0.0251413 1
26.7000000000096 0.688616 0.238783 0.0726012 1
26.8000000000098 0.80107 0.175698 0.0232322 1
26.9000000000099 0.86798 0.122391 0.0096292 1
27.00000000001 0.370724 0.521039 0.108237 1
27.1000000000101 0.514802 0.447506 0.0376918 1
27.2000000000103 0.640232 0.345807 0.013961 1
27.3000000000104 0.74206 0.250817 0.0071228 1
27.4000000000105 0.819363 0.175218 0.00541985 1
27.5000000000106 0.874584 0.120317 0.00509837 1
27.6000000000107 0.912169 0.0827353 0.00509586 1
27.7000000000109 0.791851 0.186989 0.0211602 1
27.800000000011 0.860772 0.130188 0.00904006 1
27.9000000000111 0.904388 0.0895934 0.0060181 1
28.0000000000112 0.932227 0.0624494 0.0053238 1
28.1000000000114 0.83798 0.145147 0.0168735 1
28.2000000000115 0.891737 0.100342 0.00792095 1
28.3000000000116 0.92471 0.0695513 0.00573834 1
28.4000000000117 0.945348 0.0494122 0.00523973 1
28.5000000000118 0.958305 0.0365596 0.00513532 1
28.600000000012 0.966419 0.0284659 0.00511477 1
28.7000000000121 0.971487 0.0234051 0.00510746 1
28.8000000000122 0.974651 0.0202497 0.00509912 1
28.9000000000123 0.976631 0.0182811 0.00508794 1
29.0000000000125 0.895713 0.0612958 0.042991 1
29.1000000000126 0.940582 0.0451354 0.0142825 1
29.2000000000127 0.958867 0.0339327 0.00720011 1
29.3000000000128 0.967756 0.0267305 0.00551327 1
29.4000000000129 0.908856 0.0707248 0.0204188 1
29.5000000000131 0.940855 0.0504987 0.00864652 1
29.6000000000132 0.95706 0.0371375 0.00580209 1
29.7000000000133 0.886941 0.0930035 0.0200551 1
29.8000000000134 0.926395 0.065075 0.00852971 1
29.9000000000136 0.94789 0.0463851 0.00572466 1
30.0000000000137 0.960545 0.0343952 0.00506009 1
30.1000000000138 0.868087 0.0942008 0.0377127 1
30.2000000000139 0.717514 0.200169 0.0823171 1
30.300000000014 0.82775 0.146758 0.025492 1
30.4000000000142 0.888256 0.10188 0.00986361 1
30.5000000000143 0.9237 0.0703509 0.00594904 1
30.6000000000144 0.945414 0.0495729 0.00501277 1
30.7000000000145 0.958942 0.0362641 0.00479412 1
30.8000000000147 0.967397 0.0278626 0.00474009 1
30.9000000000148 0.972681 0.0225984 0.00472041 1
31.0000000000149 0.975984 0.0193098 0.00470595 1
31.100000000015 0.978055 0.0172543 0.00469098 1
31.2000000000151 0.979361 0.0159641 0.00467484 1
31.3000000000153 0.980195 0.0151474 0.0046578 1
31.4000000000154 0.980737 0.0146232 0.00464017 1
31.5000000000155 0.981098 0.0142793 0.0046222 1
31.6000000000156 0.981349 0.0140466 0.00460403 1
31.7000000000158 0.981532 0.0138824 0.00458576 1
31.8000000000159 0.981672 0.0137604 0.00456743 1
31.900000000016 0.981786 0.0136645 0.0045491 1
32.0000000000161 0.981885 0.0135846 0.00453078 1
32.1000000000159 0.981973 0.0135147 0.00451248 1
32.2000000000157 0.982055 0.013451 0.00449422 1
32.3000000000154 0.982133 0.0133912 0.004476 1
32.4000000000152 0.982208 0.0133338 0.00445784 1
32.500000000015 0.947487 0.037751 0.0147621 1
32.6000000000147 0.964517 0.0286247 0.00685877 1
32.7000000000145 0.972285 0.0227457 0.00496886 1
32.8000000000143 0.976443 0.0190431 0.00451358 1
32.900000000014 0.978881 0.0167237 0.00439508 1
33.0000000000138 0.980377 0.0152686 0.00435482 1
33.1000000000136 0.981318 0.01435 0.00433247 1
33.2000000000133 0.981923 0.0137632 0.00431409 1
33.3000000000131 0.982322 0.0133814 0.00429653 1
33.4000000000129 0.982595 0.0131262 0.00427913 1
33.5000000000126 0.982789 0.0129492 0.00426177 1
33.6000000000124 0.946914 0.0375936 0.0154927 1
33.7000000000122 0.964771 0.0283375 0.00689178 1
33.8000000000119 0.972808 0.02236 0.00483185 1
33.9000000000117 0.977072 0.018592 0.00433576 1
34.0000000000115 0.979561 0.0162311 0.00420756 1
34.1000000000112 0.981085 0.0147501 0.0041652 1
34.200000000011 0.982041 0.0138158 0.00414271 1
34.3000000000108 0.982655 0.01322 0.00412476 1
34.4000000000105 0.983059 0.0128333 0.00410783 1
34.5000000000103 0.983333 0.0125759 0.00409116 1
34.6000000000101 0.983527 0.0123984 0.00407457 1
34.7000000000098 0.983672 0.0122702 0.00405804 1
34.8000000000096 0.983786 0.0121725 0.00404158 1
34.9000000000094 0.983881 0.0120937 0.00402519 1
35.0000000000091 0.951779 0.0345613 0.0136593 1
35.1000000000089 0.882825 0.083837 0.0333377 1
35.2000000000087 0.930054 0.0587599 0.0111858 1
35.3000000000084 0.952821 0.0414975 0.00568138 1
35.4000000000082 0.965311 0.0303385 0.00435035 1
35.500000000008 0.972697 0.0232795 0.00402373 1
35.6000000000077 0.977213 0.0188517 0.00393504 1
35.7000000000075 0.980016 0.016082 0.00390228 1
35.8000000000073 0.981769 0.0143479 0.00388263 1
35.900000000007 0.982876 0.0132576 0.00386608 1
36.0000000000068 0.983583 0.0125662 0.00385032 1
36.1000000000066 0.938513 0.0401497 0.0213377 1
36.2000000000063 0.962333 0.0296573 0.00800997 1
36.3000000000061 0.972435 0.0227711 0.00479409 1
36.4000000000059 0.917209 0.0620841 0.0207068 1
36.5000000000056 0.948381 0.0437559 0.00786347 1
36.6000000000054 0.963641 0.0316257 0.00473353 1
36.7000000000052 0.972126 0.0238973 0.00397676 1
36.8000000000049 0.977176 0.0190376 0.00378593 1
36.9000000000047 0.980275 0.0159956 0.00372904 1
37.0000000000045 0.944538 0.0431058 0.0123563 1
37.1000000000042 0.963017 0.0312306 0.00575202 1
37.200000000004 0.972251 0.0235867 0.00416222 1
37.3000000000038 0.977459 0.018767 0.00377443 1
37.4000000000035 0.980581 0.0157477 0.00367126 1
37.5000000000033 0.931845 0.047252 0.0209028 1
37.6000000000031 0.958228 0.0340016 0.00777059 1
37.7000000000028 0.970125 0.0252867 0.00458841 1
37.8000000000026 0.976422 0.0197566 0.00382182 1
37.9000000000024 0.980085 0.0162858 0.0036292 1
38.0000000000021 0.982315 0.0141131 0.0035723 1
38.1000000000019 0.932246 0.0444708 0.0232829 1
38.2000000000017 0.959534 0.0321804 0.00828545 1
38.3000000000014 0.971293 0.0240593 0.00464775 1
38.4000000000012 0.977325 0.0189014 0.00377318 1
38.500000000001 0.938594 0.0494195 0.0119865 1
38.6000000000007 0.959431 0.0350496 0.00551993 1
38.7000000000005 0.970276 0.0257691 0.00395525 1
38.8000000000003 0.918585 0.0666204 0.0147949 1
38.9 0.947597 0.0462078 0.00619512 1
38.9999999999998 0.963093 0.0328123 0.00409427 1
39.0999999999996 0.972139 0.0242825 0.00357831 1
39.1999999999993 0.977643 0.0189149 0.00344247 1
39.2999999999991 0.981049 0.0155534 0.00339798 1
39.3999999999989 0.983174 0.0134504 0.00337599 1
39.4999999999986 0.984508 0.0121321 0.00335996 1
39.5999999999984 0.805006 0.108669 0.0863249 1
39.6999999999982 0.896738 0.0782651 0.024997 1
39.7999999999979 0.937218 0.0541332 0.00864883 1
39.8999999999977 0.851056 0.126303 0.0226411 1
39.9999999999975 0.905367 0.0864591 0.00817368 1
40.0999999999972 0.786509 0.191198 0.0222933 1
40.199999999997 0.859442 0.13231 0.00824804 1
40.2999999999968 0.905864 0.0895695 0.00456642 1
40.3999999999965 0.784944 0.198424 0.0166318 1
40.4999999999963 0.589661 0.373616 0.036723 1
40.5999999999961 0.707704 0.279389 0.0129075 1
40.6999999999958 0.484764 0.480155 0.0350803 1
40.7999999999956 0.611391 0.37561 0.012999 1
40.8999999999954 0.38744 0.587993 0.0245674 1
40.9999999999951 0.205228 0.759104 0.0356674 1
41.0999999999949 0.0973857 0.858686 0.043928 1
41.1999999999947 0.0132148 0.87213 0.114656 1
41.2999999999944 0.00343323 0.752841 0.243726 1
41.3999999999942 0.00532109 0.757641 0.237038 1
41.499999999994 0.0156454 0.877242 0.107113 1
41.5999999999937 0.0324678 0.921771 0.0457611 1
41.6999999999935 0.0582851 0.921252 0.0204629 1
41.7999999999933 0.0299297 0.94649 0.0235799 1
41.899999999993 0.0537148 0.934292 0.0119935 1
41.9999999999928 0.0895915 0.902858 0.00755084 1
42.0999999999926 0.0134355 0.960723 0.0258416 1
42.1999999999924 0.00381794 0.929463 0.0667194 1
42.2999999999921 0.00164177 0.686421 0.311937 1
42.3999999999919 0.00525337 0.69241 0.302336 1
42.4999999999917 0.015985 0.841561 0.142454 1
42.5999999999914 0.0337626 0.905007 0.06123 1
42.6999999999912 0.0609681 0.912435 0.0265967 1
42.799999999991 0.101331 0.885688 0.0129811 1
42.8999999999907 0.159211 0.833006 0.00778226 1
42.9999999999905 0.238016 0.756226 0.0057575 1
43.0999999999903 0.112966 0.871731 0.0153036 1
43.19999999999 0.0153202 0.935766 0.0489143 1
43.2999999999898 0.0313999 0.94655 0.0220502 1
43.3999999999896 0.0561871 0.932279 0.0115334 1
43.4999999999893 0.093465 0.899043 0.00749191 1
43.5999999999891 0.147618 0.846486 0.005896 1
43.6999999999889 0.222361 0.772461 0.00517762 1
43.7999999999886 0.318458 0.676799 0.00474314 1
43.8999999999884 0.431284 0.564333 0.004383 1
43.9999999999882 0.234398 0.752597 0.0130048 1
44.0999999999879 0.334626 0.658065 0.0073083 1
44.1999999999877 0.449789 0.545058 0.00515292 1
44.2999999999875 0.568957 0.42681 0.00423312 1
44.3999999999872 0.117894 0.851658 0.0304479 1
44.499999999987 0.18438 0.801564 0.0140565 1
44.5999999999868 0.271894 0.720218 0.00788851 1
44.6999999999865 0.378617 0.615861 0.00552204 1
44.7999999999863 0.496704 0.498797 0.00449895 1
44.8999999999861 0.613831 0.382225 0.00394379 1
44.9999999999858 0.717964 0.278464 0.00357282 1
45.0999999999856 0.801874 0.194823 0.00330278 1
45.1999999999854 0.864283 0.132611 0.00310621 1
45.2999999999851 0.907988 0.0890457 0.00296673 1
45.3999999999849 0.93732 0.0598105 0.00286989 1
45.4999999999847 0.956451 0.0407454 0.00280324 1
45.5999999999844 0.968701 0.0285415 0.00275706 1
45.6999999999842 0.976456 0.0208197 0.00272437 1
45.799999999984 0.930049 0.0559318 0.0140193 1
45.8999999999837 0.956027 0.0385214 0.00545198 1
45.9999999999835 0.969502 0.0271425 0.0033557 1
46.0999999999833 0.917521 0.0692002 0.0132786 1
46.199999999983 0.947597 0.0471184 0.00528454 1
46.2999999999828 0.870959 0.112358 0.0166835 1
46.3999999999826 0.917726 0.076052 0.00622232 1
46.4999999999823 0.945107 0.0513241 0.00356917 1
46.5999999999821 0.961894 0.0352173 0.00288854 1
46.6999999999819 0.972361 0.0249401 0.00269857 1
46.7999999999816 0.978913 0.0184534 0.00263367 1
46.8999999999814 0.983014 0.0143831 0.00260341 1
46.9999999999812 0.98558 0.0118358 0.00258449 1
47.0999999999809 0.987188 0.0102422 0.00257026 1
47.1999999999807 0.988198 0.00924315 0.00255839 1
47.2999999999805 0.988838 0.00861394 0.00254789 1
47.3999999999802 0.989247 0.0082144 0.00253823 1
47.49999999998 0.989514 0.00795739 0.0025291 1
47.5999999999798 0.989691 0.00778879 0.00252031 1
47.6999999999795 0.989813 0.00767503 0.00251175 1
47.7999999999793 0.989901 0.0075953 0.00250336 1
47.8999999999791 0.989968 0.0075367 0.00249507 1
47.9999999999788 0.95933 0.0255423 0.0151273 1
48.0999999999786 0.975624 0.0188661 0.00550975 1
48.1999999999784 0.918513 0.0537428 0.0277446 1
48.2999999999781 0.954053 0.0372783 0.00866908 1
48.3999999999779 0.883329 0.0912314 0.0254397 1
48.4999999999777 0.929684 0.0620863 0.0082296 1
48.5999999999774 0.953962 0.0421313 0.00390697 1
48.6999999999772 0.967988 0.0291811 0.00283042 1
48.799999999977 0.901505 0.0768858 0.0216095 1
48.8999999999767 0.940501 0.0522969 0.00720188 1
48.9999999999765 0.960638 0.0357441 0.00361833 1
49.0999999999763 0.972185 0.0250856 0.00272913 1
49.199999999976 0.979165 0.0183385 0.00249667 1
49.2999999999758 0.983474 0.0141 0.00242606 1
49.3999999999756 0.986156 0.0114465 0.00239741 1
49.4999999999753 0.987832 0.00978656 0.00238101 1
49.5999999999751 0.955103 0.0305127 0.0143843 1
49.6999999999749 0.880116 0.0774304 0.0424533 1
49.7999999999746 0.73591 0.167952 0.0961381 1
49.8999999999744 0.524673 0.30237 0.172957 1
49.9999999999742 0.311146 0.442971 0.245883 1
50.0999999999739 0.482952 0.425365 0.0916831 1
50.1999999999737 0.626893 0.342845 0.0302627 1
50.2999999999735 0.73781 0.251577 0.0106134 1
50.3999999999732 0.819877 0.175238 0.00488578 1
50.499999999973 0.643234 0.343512 0.0132541 1
50.5999999999728 0.745776 0.248351 0.00587358 1
50.6999999999725 0.540299 0.446331 0.0133697 1
50.7999999999723 0.656765 0.336965 0.00627033 1
50.8999999999721 0.159615 0.793545 0.04684 1
50.9999999999718 0.244046 0.736161 0.0197923 1
51.0999999999716 0.347708 0.642603 0.00968906 1
51.1999999999714 0.464648 0.52943 0.00592222 1
51.2999999999711 0.257698 0.724736 0.017566 1
51.3999999999709 0.363738 0.627384 0.00887777 1
51.4999999999707 0.481736 0.512653 0.00561042 1
51.5999999999704 0.600039 0.395726 0.00423447 1
51.6999999999702 0.706531 0.289948 0.0035213 1
51.79999999997 0.793365 0.203559 0.00307608 1
51.8999999999697 0.858605 0.138621 0.00277405 1
51.9999999999695 0.904658 0.0927754 0.00256682 1
52.0999999999693 0.935754 0.0618197 0.00242637 1
52.199999999969 0.956127 0.0415402 0.0023323 1
52.2999999999688 0.969215 0.0285152 0.00226949 1
52.3999999999686 0.977519 0.0202537 0.00222721 1
52.4999999999683 0.982748 0.0150536 0.00219816 1
52.5999999999681 0.986028 0.0117944 0.00217755 1
52.6999999999679 0.955639 0.0335756 0.0107851 1
52.7999999999676 0.890401 0.0816875 0.0279114 1
52.8999999999674 0.935872 0.0555202 0.00860756 1
52.9999999999672 0.958639 0.037595 0.00376623 1
53.0999999999669 0.971455 0.0259802 0.00256522 1
53.1999999999667 0.979139 0.0186066 0.00225475 1
53.2999999999665 0.983869 0.0139674 0.0021638 1
53.3999999999662 0.986809 0.011061 0.00212955 1
53.499999999966 0.955406 0.0324847 0.0121094 1
53.5999999999658 0.972642 0.0228357 0.00452232 1
53.6999999999655 0.980695 0.016617 0.00268785 1
53.7999999999653 0.985068 0.0126926 0.00223895 1
53.8999999999651 0.987645 0.0102328 0.00212182 1
53.9999999999648 0.956293 0.030837 0.0128698 1
54.0999999999646 0.973556 0.0217656 0.00467835 1
54.1999999999644 0.981387 0.0159132 0.00270014 1
54.2999999999642 0.985562 0.0122199 0.00221799 1
54.3999999999639 0.954689 0.0344677 0.0108428 1
54.4999999999637 0.971791 0.0240247 0.00418464 1
54.5999999999635 0.926127 0.0606649 0.0132086 1
54.6999999999632 0.82809 0.138915 0.0329952 1
54.799999999963 0.894756 0.095132 0.0101115 1
54.8999999999628 0.932235 0.0636088 0.00415612 1
54.9999999999625 0.954777 0.0425937 0.00262959 1
55.0999999999623 0.890303 0.101409 0.00828805 1
55.1999999999621 0.928579 0.067707 0.00371417 1
55.2999999999618 0.952251 0.0452284 0.00252019 1
55.3999999999616 0.96713 0.0306852 0.00218497 1
55.4999999999614 0.9765 0.0214269 0.00207314 1
55.5999999999611 0.982388 0.0155872 0.00202492 1
55.6999999999609 0.986078 0.0119232 0.00199831 1
55.7999999999607 0.988389 0.00963026 0.00198094 1
55.8999999999604 0.96695 0.0262026 0.00684742 1
55.9999999999602 0.978225 0.0186267 0.00314783 1
56.09999999996 0.983937 0.0138108 0.00225185 1
56.1999999999597 0.987188 0.010785 0.0020275 1
56.2999999999595 0.989144 0.0088909 0.00196493 1
56.3999999999593 0.990352 0.00770582 0.00194254 1
56.499999999959 0.962969 0.0246449 0.012386 1
56.5999999999588 0.905974 0.0617983 0.0322282 1
56.6999999999586 0.948337 0.0422117 0.00945139 1
56.7999999999583 0.967396 0.0288249 0.00377918 1
56.8999999999581 0.977416 0.0201939 0.00239039 1
56.9999999999579 0.983224 0.014735 0.00204067 1
57.0999999999576 0.986748 0.0113081 0.00194365 1
57.1999999999574 0.988926 0.00916339 0.00191021 1
57.2999999999572 0.969184 0.0246534 0.00616221 1
57.3999999999569 0.908334 0.0650724 0.0265936 1
57.4999999999567 0.947811 0.0441599 0.00802928 1
57.5999999999565 0.966583 0.030004 0.00341327 1
57.6999999999562 0.976833 0.0208915 0.00227586 1
57.799999999956 0.982888 0.0151275 0.00198439 1
57.8999999999558 0.986592 0.011508 0.00190038 1
57.9999999999555 0.988888 0.00924252 0.00186961 1
58.0999999999553 0.99032 0.00782569 0.00185408 1
58.1999999999551 0.991217 0.00693877 0.00184382 1
58.2999999999548 0.991782 0.00638197 0.00183588 1
58.3999999999546 0.99214 0.00603053 0.00182915 1
58.4999999999544 0.99237 0.00580674 0.00182313 1
58.5999999999541 0.962979 0.0213167 0.0157039 1
58.6999999999539 0.979367 0.0154834 0.00514943 1
58.7999999999537 0.985682 0.0117049 0.00261326 1
58.8999999999534 0.988676 0.00932008 0.00200394 1
58.9999999999532 0.957363 0.0288167 0.0138206 1
59.099999999953 0.97508 0.0202132 0.00470671 1
59.1999999999527 0.982844 0.0146509 0.00250541 1
59.2999999999525 0.986891 0.0111388 0.00197046 1
59.3999999999523 0.989229 0.0089372 0.00183389 1
59.499999999952 0.990646 0.00755985 0.00179374 1
59.5999999999518 0.991524 0.00669761 0.00177794 1
59.6999999999516 0.992075 0.00615637 0.00176892 1
59.7999999999513 0.964077 0.0216169 0.0143059 1
59.8999999999511 0.979628 0.0155989 0.00477272 1
59.9999999999509 0.985805 0.0117127 0.00248227 1
60.0999999999506 0.988807 0.00926193 0.00193071 1
60.1999999999504 0.990481 0.00772629 0.00179261 1
60.2999999999502 0.991481 0.00676497 0.00175357 1
60.3999999999499 0.992099 0.00616207 0.00173898 1
60.4999999999497 0.992487 0.00578234 0.00173087 1
60.5999999999495 0.992734 0.00554138 0.00172476 1
60.6999999999492 0.992894 0.00538669 0.00171943 1
60.799999999949 0.993 0.0052856 0.00171447 1
60.8999999999488 0.975881 0.0165055 0.00761311 1
60.9999999999485 0.938335 0.0420532 0.0196119 1
61.0999999999483 0.965179 0.0287289 0.00609242 1
61.1999999999481 0.977263 0.0199495 0.00278762 1
61.2999999999478 0.983655 0.0143641 0.00198063 1
61.3999999999476 0.987373 0.0108516 0.00177507 1
61.4999999999474 0.989632 0.00865213 0.00171595 1
61.5999999999471 0.991029 0.00727663 0.0016941 1
61.6999999999469 0.991901 0.00641585 0.00168278 1
61.7999999999467 0.992449 0.00587586 0.00167504 1
61.8999999999464 0.992796 0.0055355 0.00166884 1
61.9999999999462 0.993017 0.00531927 0.00166344 1
62.099999999946 0.970776 0.018267 0.0109571 1
62.1999999999457 0.982777 0.0133371 0.00388593 1
62.2999999999455 0.987628 0.0101794 0.00219236 1
62.3999999999453 0.990024 0.00819273 0.00178366 1
62.499999999945 0.991371 0.00694853 0.00168027 1
62.5999999999448 0.973216 0.0200059 0.00677763 1
62.6999999999446 0.924117 0.0527215 0.0231613 1
62.7999999999443 0.957349 0.0356932 0.00695777 1
62.8999999999441 0.97272 0.0243201 0.00296017 1
62.9999999999439 0.98098 0.0170413 0.00197846 1
63.0999999999436 0.985823 0.0124503 0.00172722 1
63.1999999999434 0.988774 0.00957139 0.00165489 1
63.2999999999432 0.990601 0.00777044 0.0016285 1
63.3999999999429 0.99174 0.00664425 0.00161531 1
63.4999999999427 0.992454 0.00593914 0.00160671 1
63.5999999999425 0.992904 0.0054963 0.00160013 1
63.6999999999422 0.993189 0.00521664 0.00159461 1
63.799999999942 0.993372 0.00503845 0.00158972 1
63.8999999999418 0.993491 0.00492334 0.0015852 1
63.9999999999415 0.993572 0.00484743 0.00158093 1
64.099999999942 0.993627 0.0047959 0.00157681 1
64.1999999999425 0.993668 0.00475952 0.00157279 1
64.299999999943 0.993699 0.00473258 0.00156885 1
64.3999999999434 0.993724 0.0047115 0.00156495 1
64.4999999999439 0.993745 0.0046941 0.00156109 1
64.5999999999444 0.993764 0.00467898 0.00155725 1
64.6999999999449 0.993781 0.00466531 0.00155344 1
64.7999999999454 0.976974 0.0152025 0.00782386 1
64.8999999999458 0.985684 0.0112641 0.00305181 1
64.9999999999463 0.956969 0.0312368 0.0117938 1
65.0999999999468 0.97449 0.0214659 0.00404372 1
65.1999999999473 0.982673 0.0151629 0.0021646 1
65.2999999999477 0.987115 0.0111822 0.00170317 1
65.3999999999482 0.989731 0.00868608 0.00158271 1
65.4999999999487 0.991329 0.0071247 0.00154595 1
65.5999999999492 0.992321 0.00614822 0.001531 1
65.6999999999497 0.992941 0.00553661 0.0015225 1
65.7999999999501 0.993331 0.00515226 0.00151636 1
65.8999999999506 0.993579 0.00490929 0.00151131 1
65.9999999999511 0.993739 0.00475425 0.00150684 1
66.0999999999516 0.993843 0.00465388 0.00150271 1
66.199999999952 0.993914 0.00458749 0.00149881 1
66.2999999999525 0.993963 0.00454222 0.00149504 1
66.399999999953 0.96815 0.0175108 0.0143395 1
66.4999999999535 0.982718 0.0127098 0.00457174 1
66.599999999954 0.988161 0.00961012 0.00222931 1
66.6999999999544 0.990677 0.00765587 0.00166747 1
66.7999999999549 0.99204 0.0064315 0.00152837 1
66.8999999999554 0.992845 0.00566503 0.00149028 1
66.9999999999559 0.993339 0.00518431 0.00147695 1
67.0999999999563 0.972391 0.0175133 0.0100952 1
67.1999999999568 0.983813 0.0126492 0.00353817 1
67.2999999999573 0.988493 0.00953937 0.0019673 1
67.3999999999578 0.990829 0.00758378 0.0015876 1
67.4999999999582 0.968826 0.0225214 0.00865267 1
67.5999999999587 0.981012 0.0157882 0.00319963 1
67.6999999999592 0.94785 0.041224 0.0109265 1
67.7999999999597 0.877901 0.0966398 0.0254587 1
67.8999999999602 0.927457 0.0649328 0.00760983 1
67.9999999999606 0.953889 0.0430421 0.0030687 1
68.0999999999611 0.969334 0.0287519 0.001914 1
68.1999999999616 0.97877 0.0196286 0.00160156 1
68.2999999999621 0.93306 0.052689 0.0142506 1
68.3999999999625 0.843919 0.121639 0.0344417 1
68.499999999963 0.907282 0.0826862 0.0100314 1
68.5999999999635 0.941485 0.0548133 0.00370163 1
68.699999999964 0.854279 0.128896 0.016825 1
68.7999999999645 0.907913 0.0865269 0.00555957 1
68.8999999999649 0.940223 0.0571611 0.00261547 1
68.9999999999654 0.960375 0.0378036 0.00182134 1
69.0999999999659 0.898737 0.09193 0.00933315 1
69.1999999999664 0.935526 0.0609253 0.00354844 1
69.2999999999668 0.957688 0.0402632 0.00204835 1
69.3999999999673 0.971455 0.0269116 0.0016338 1
69.4999999999678 0.980083 0.0184169 0.00150004 1
69.5999999999683 0.985495 0.0130594 0.00144541 1
69.6999999999688 0.988885 0.00969744 0.00141722 1
69.7999999999692 0.991006 0.00759347 0.00140014 1
69.8999999999697 0.992333 0.00627818 0.00138872 1
69.9999999999702 0.993164 0.00545569 0.00138054 1
70.0999999999707 0.993685 0.00494048 0.00137431 1
70.1999999999711 0.994014 0.00461663 0.00136929 1
70.2999999999716 0.994223 0.00441184 0.00136502 1
70.3999999999721 0.994358 0.00428112 0.00136122 1
70.4999999999726 0.994446 0.00419646 0.00135772 1
70.5999999999731 0.994505 0.00414044 0.00135441 1
70.6999999999735 0.994547 0.00410223 0.00135122 1
70.799999999974 0.994577 0.0040751 0.00134811 1
70.8999999999745 0.9946 0.00405488 0.00134505 1
70.999999999975 0.994619 0.00403895 0.00134204 1
71.0999999999754 0.994635 0.00402571 0.00133905 1
71.1999999999759 0.99465 0.00401415 0.00133608 1
71.2999999999764 0.971983 0.0154851 0.0125317 1
71.3999999999769 0.920436 0.042026 0.0375381 1
71.4999999999773 0.960991 0.0287285 0.0102801 1
71.5999999999778 0.901225 0.070826 0.0279489 1
71.6999999999783 0.944429 0.047543 0.00802822 1
71.7999999999788 0.965322 0.031645 0.00303312 1
71.8999999999793 0.976847 0.0213618 0.00179074 1
71.9999999999797 0.983695 0.0148375 0.00146792 1
72.0999999999802 0.987894 0.0107327 0.00137335 1
72.1999999999807 0.9905 0.00816079 0.00133878 1
72.2999999999812 0.992125 0.00655246 0.00132217 1
72.3999999999816 0.993141 0.00554711 0.00131216 1
72.4999999999821 0.993777 0.00491813 0.00130521 1
72.5999999999826 0.994176 0.00452366 0.0012999 1
72.6999999999831 0.994429 0.0042752 0.00129557 1
72.7999999999836 0.994591 0.00411759 0.00129183 1
72.899999999984 0.994695 0.00401648 0.00128847 1
72.9999999999845 0.979771 0.0132526 0.00697641 1
73.099999999985 0.943425 0.0356022 0.0209726 1
73.1999999999855 0.868128 0.083749 0.048123 1
73.2999999999859 0.929664 0.0570932 0.0132424 1
73.3999999999864 0.957761 0.0379417 0.00429759 1
73.4999999999869 0.972573 0.0253507 0.00207646 1
73.5999999999874 0.981177 0.0173104 0.0015128 1
73.6999999999879 0.986407 0.0122362 0.00135708 1
73.7999999999883 0.959451 0.0331151 0.00743342 1
73.8999999999888 0.974886 0.0223111 0.0028032 1
73.9999999999893 0.982943 0.0153879 0.0016687 1
74.0999999999898 0.9876 0.0110194 0.00138092 1
74.1999999999902 0.99042 0.00827955 0.00130014 1
74.2999999999907 0.992162 0.00656567 0.00127227 1
74.3999999999912 0.993246 0.00549441 0.00125943 1
74.4999999999917 0.993924 0.00482444 0.00125175 1
74.5999999999922 0.994349 0.00440461 0.00124629 1
74.6999999999926 0.994617 0.00414055 0.00124199 1
74.7999999999931 0.994788 0.00397343 0.00123836 1
74.8999999999936 0.994898 0.0038666 0.00123513 1
74.9999999999941 0.994971 0.00379729 0.00123216 1
75.0999999999945 0.995019 0.00375131 0.00122934 1
75.199999999995 0.982197 0.0119962 0.00580719 1
75.2999999999955 0.945316 0.0336108 0.0210727 1
75.399999999996 0.971108 0.0228164 0.00607584 1
75.4999999999964 0.920236 0.0585066 0.0212571 1
75.5999999999969 0.954718 0.0390513 0.00623053 1
75.6999999999974 0.97146 0.0260399 0.00250018 1
75.7999999999979 0.980736 0.0176915 0.00157283 1
75.8999999999984 0.986255 0.0124147 0.00132983 1
75.9999999999988 0.989642 0.00910125 0.00125714 1
76.0999999999993 0.991743 0.00702725 0.00122971 1
76.1999999999998 0.993053 0.00573081 0.00121611 1
76.3000000000003 0.993872 0.00492042 0.00120776 1
76.4000000000007 0.994385 0.00441323 0.00120188 1
76.5000000000012 0.994708 0.00409493 0.00119736 1
76.6000000000017 0.994912 0.00389422 0.00119365 1
76.7000000000022 0.995043 0.00376667 0.00119043 1
76.8000000000027 0.995128 0.00368464 0.00118752 1
76.9000000000031 0.995184 0.00363092 0.00118481 1
77.0000000000036 0.995223 0.00359482 0.00118222 1
77.1000000000041 0.995251 0.00356967 0.00117971 1
77.2000000000046 0.995271 0.00355135 0.00117725 1
77.300000000005 0.995288 0.00353729 0.00117483 1
77.4000000000055 0.995302 0.00352587 0.00117244 1
77.500000000006 0.995314 0.00351611 0.00117006 1
77.6000000000065 0.995325 0.0035074 0.0011677 1
77.700000000007 0.995335 0.00349933 0.00116536 1
77.8000000000074 0.995345 0.00349169 0.00116302 1
77.9000000000079 0.995355 0.00348431 0.00116069 1
78.0000000000084 0.995365 0.00347711 0.00115837 1
78.1000000000089 0.995374 0.00347003 0.00115606 1
78.2000000000093 0.995383 0.00346302 0.00115376 1
78.3000000000098 0.995392 0.00345608 0.00115146 1
78.4000000000103 0.995402 0.00344919 0.00114918 1
78.5000000000108 0.995411 0.00344233 0.0011469 1
78.6000000000112 0.99542 0.0034355 0.00114463 1
78.7000000000117 0.995429 0.0034287 0.00114237 1
78.8000000000122 0.9844 0.0107111 0.00488873 1
78.9000000000127 0.958149 0.0282441 0.0136067 1
79.0000000000132 0.976658 0.0191633 0.00417901 1
79.1000000000136 0.984823 0.0132834 0.00189359 1
79.2000000000141 0.989098 0.0095665 0.00133584 1
79.3000000000146 0.991572 0.00723527 0.00119312 1
79.4000000000151 0.993071 0.00577722 0.00115183 1
79.5000000000155 0.993997 0.00486594 0.00113667 1
79.600000000016 0.994575 0.00429603 0.00112908 1
79.7000000000165 0.994937 0.00393888 0.00112415 1
79.800000000017 0.995165 0.00371424 0.00112042 1
79.9000000000175 0.995311 0.00357206 0.00111731 1
80.0000000000179 0.995404 0.0034812 0.00111457 1
80.1000000000184 0.995466 0.00342226 0.00111206 1
80.2000000000189 0.995507 0.00338318 0.00110969 1
80.3000000000194 0.995536 0.00335646 0.00110741 1
80.4000000000198 0.995557 0.00333744 0.00110518 1
80.5000000000203 0.980234 0.0119585 0.00780739 1
80.6000000000208 0.988555 0.00873765 0.00270777 1
80.7000000000213 0.965474 0.0243696 0.0101563 1
80.8000000000218 0.914875 0.0597741 0.025351 1
80.9000000000222 0.952931 0.0398998 0.00716885 1
81.0000000000227 0.970879 0.0264808 0.0026404 1
81.1000000000232 0.733347 0.20523 0.0614234 1
81.2000000000237 0.835844 0.146349 0.0178069 1
81.3000000000241 0.895747 0.0985655 0.00568711 1
81.4000000000246 0.9326 0.0649326 0.00246768 1
81.5000000000251 0.955871 0.042548 0.00158092 1
81.6000000000256 0.970643 0.0280528 0.00130394 1
81.7000000000261 0.979992 0.0188105 0.00119703 1
81.8000000000265 0.985883 0.0129718 0.00114533 1
81.900000000027 0.98958 0.00930377 0.00111601 1
82.0000000000275 0.991895 0.00700688 0.00109782 1
82.100000000028 0.993343 0.00557098 0.00108592 1
82.2000000000284 0.994248 0.00467375 0.0010778 1
82.3000000000289 0.976244 0.0153904 0.00836551 1
82.4000000000294 0.986312 0.0108635 0.00282441 1
82.5000000000299 0.990524 0.00797975 0.00149646 1
82.6000000000303 0.992657 0.00616832 0.00117458 1
82.7000000000308 0.993872 0.00503506 0.00109266 1
