0 1 0 0 0
0.01 0.999399 0.000300398 0.000300398 0.1
0.02 0.998804 0.000599224 0.00059634 0.1
0.03 0.998216 0.00089649 0.000887897 0.1
0.04 0.997633 0.00119221 0.00117514 0.1
0.05 0.997055 0.00148639 0.00145814 0.1
0.06 0.996484 0.00177905 0.00173696 0.1
0.07 0.995918 0.0020702 0.00201167 0.1
0.08 0.995358 0.00235985 0.00228233 0.1
0.09 0.994803 0.00264801 0.00254902 0.1
0.1 0.994254 0.00293469 0.00281179 0.1
0.11 0.993709 0.00321991 0.0030707 0.1
0.12 0.993171 0.00350367 0.00332583 0.1
0.13 0.992637 0.00378599 0.00357722 0.1
0.14 0.992108 0.00406687 0.00382494 0.1
0.15 0.991585 0.00434634 0.00406904 0.1
0.16 0.991066 0.00462439 0.00430959 0.1
0.17 0.990552 0.00490104 0.00454664 0.1
0.18 0.990043 0.0051763 0.00478024 0.1
0.19 0.989539 0.00545018 0.00501045 0.1
0.2 0.98904 0.00572269 0.00523732 0.1
0.21 0.988545 0.00599384 0.00546091 0.1
0.22 0.988055 0.00626364 0.00568126 0.1
0.23 0.987569 0.00653209 0.00589843 0.1
0.24 0.987088 0.00679922 0.00611247 0.1
0.25 0.986612 0.00706502 0.00632343 0.1
0.26 0.986139 0.00732951 0.00653135 0.1
0.27 0.985671 0.0075927 0.00673629 0.1
0.28 0.985207 0.00785459 0.00693828 0.1
0.29 0.984747 0.00811519 0.00713738 0.1
0.3 0.984292 0.00837452 0.00733364 0.1
0.31 0.98384 0.00863258 0.00752708 0.1
0.32 0.983393 0.00888938 0.00771777 0.1
0.33 0.982949 0.00914493 0.00790574 0.1
0.34 0.98251 0.00939924 0.00809104 0.1
0.35 0.982074 0.00965232 0.0082737 0.1
0.36 0.981642 0.00990417 0.00845377 0.1
0.37 0.981214 0.0101548 0.00863128 0.1
0.38 0.980789 0.0104042 0.00880628 0.1
0.39 0.980369 0.0106524 0.00897881 0.1
0.4 0.979952 0.0108995 0.00914891 0.1
0.41 0.979538 0.0111453 0.0093166 0.1
0.42 0.979128 0.01139 0.00948194 0.1
0.43 0.978722 0.0116335 0.00964495 0.1
0.44 0.978319 0.0118758 0.00980568 0.1
0.45 0.977919 0.012117 0.00996415 0.1
0.46 0.977523 0.012357 0.0101204 0.1
0.47 0.97713 0.0125959 0.0102745 0.1
0.48 0.97674 0.0128337 0.0104264 0.1
0.49 0.976353 0.0130703 0.0105762 0.1
0.5 0.97597 0.0133058 0.0107239 0.1
0.51 0.97559 0.0135402 0.0108696 0.1
0.52 0.975213 0.0137736 0.0110132 0.1
0.53 0.974839 0.0140058 0.0111549 0.1
0.54 0.974469 0.0142369 0.0112946 0.1
0.55 0.974101 0.0144669 0.0114323 0.1
0.56 0.973736 0.0146959 0.0115682 0.1
0.57 0.973374 0.0149238 0.0117022 0.1
0.58 0.973015 0.0151506 0.0118343 0.1
0.59 0.972659 0.0153763 0.0119647 0.1
0.6 0.972306 0.0156011 0.0120932 0.1
0.61 0.971955 0.0158247 0.01222 0.1
0.62 0.971608 0.0160474 0.0123451 0.1
0.63 0.971263 0.016269 0.0124684 0.1
0.64 0.97092 0.0164896 0.0125901 0.1
0.65 0.970581 0.0167091 0.0127101 0.1
0.66 0.970244 0.0169277 0.0128285 0.1
0.67 0.96991 0.0171452 0.0129453 0.1
0.68 0.969578 0.0173618 0.0130605 0.1
0.69 0.969249 0.0175773 0.0131741 0.1
0.7 0.968922 0.0177919 0.0132862 0.1
0.71 0.968598 0.0180055 0.0133968 0.1
0.72 0.968276 0.0182181 0.0135059 0.1
0.73 0.967957 0.0184297 0.0136136 0.1
0.74 0.96764 0.0186404 0.0137198 0.1
0.75 0.967325 0.0188501 0.0138246 0.1
0.76 0.967013 0.0190588 0.013928 0.1
0.77 0.966703 0.0192666 0.01403 0.1
0.78 0.966396 0.0194735 0.0141307 0.1
0.79 0.966091 0.0196794 0.01423 0.1
0.8 0.965788 0.0198844 0.014328 0.1
0.810000000000001 0.965487 0.0200885 0.0144247 0.1
0.820000000000001 0.965188 0.0202916 0.0145201 0.1
0.830000000000001 0.964892 0.0204938 0.0146143 0.1
0.840000000000001 0.964598 0.0206952 0.0147072 0.1
0.850000000000001 0.964305 0.0208956 0.0147989 0.1
0.860000000000001 0.964015 0.0210951 0.0148895 0.1
0.870000000000001 0.963728 0.0212937 0.0149788 0.1
0.880000000000001 0.963442 0.0214914 0.0150669 0.1
0.890000000000001 0.963158 0.0216883 0.015154 0.1
0.900000000000001 0.962876 0.0218842 0.0152398 0.1
0.910000000000001 0.962596 0.0220793 0.0153246 0.1
0.920000000000001 0.962318 0.0222735 0.0154083 0.1
0.930000000000001 0.962042 0.0224669 0.0154909 0.1
0.940000000000001 0.961768 0.0226594 0.0155724 0.1
0.950000000000001 0.961496 0.022851 0.0156529 0.1
0.960000000000001 0.961226 0.0230418 0.0157323 0.1
0.970000000000001 0.960958 0.0232318 0.0158107 0.1
0.980000000000001 0.960691 0.0234209 0.0158881 0.1
0.990000000000001 0.960426 0.0236091 0.0159646 0.1
1 0.960163 0.0237965 0.01604 0.1
1.01 0.959902 0.0239831 0.0161145 0.1
1.02 0.959643 0.0241689 0.0161881 0.1
1.03 0.959385 0.0243539 0.0162607 0.1
1.04 0.95913 0.024538 0.0163324 0.1
1.05 0.958875 0.0247214 0.0164032 0.1
1.06 0.958623 0.0249039 0.0164731 0.1
1.07 0.958372 0.0250856 0.0165422 0.1
1.08 0.958123 0.0252666 0.0166103 0.1
1.09 0.957876 0.0254467 0.0166777 0.1
1.1 0.95763 0.0256261 0.0167441 0.1
1.11 0.957386 0.0258046 0.0168098 0.1
1.12 0.957143 0.0259824 0.0168746 0.1
1.13 0.956902 0.0261595 0.0169387 0.1
1.14 0.956662 0.0263357 0.0170019 0.1
1.15 0.956424 0.0265112 0.0170644 0.1
1.16 0.956188 0.0266859 0.0171261 0.1
1.17 0.955953 0.0268599 0.0171871 0.1
1.18 0.95572 0.0270331 0.0172473 0.1
1.19 0.955488 0.0272055 0.0173068 0.1
1.2 0.955257 0.0273772 0.0173655 0.1
1.21 0.955028 0.0275482 0.0174236 0.1
1.22 0.954801 0.0277184 0.0174809 0.1
1.23 0.954575 0.0278879 0.0175375 0.1
1.24 0.95435 0.0280567 0.0175935 0.1
1.25 0.954126 0.0282247 0.0176488 0.1
1.26 0.953905 0.028392 0.0177035 0.1
1.27 0.953684 0.0285586 0.0177574 0.1
1.28 0.953465 0.0287245 0.0178108 0.1
1.29 0.953247 0.0288897 0.0178635 0.1
1.3 0.95303 0.0290541 0.0179156 0.1
1.31 0.952815 0.0292179 0.0179671 0.1
1.32 0.952601 0.029381 0.0180179 0.1
1.33 0.952388 0.0295433 0.0180682 0.1
1.34 0.952177 0.029705 0.0181179 0.1
1.35 0.951967 0.029866 0.018167 0.1
1.36 0.951758 0.0300263 0.0182156 0.1
1.37 0.951551 0.0301859 0.0182635 0.1
1.38 0.951344 0.0303448 0.018311 0.1
1.39 0.951139 0.030503 0.0183578 0.1
1.4 0.950935 0.0306606 0.0184042 0.1
1.41 0.950732 0.0308175 0.01845 0.1
1.42 0.950531 0.0309738 0.0184953 0.1
1.43 0.950331 0.0311294 0.0185401 0.1
1.44 0.950131 0.0312843 0.0185843 0.1
1.45 0.949933 0.0314386 0.0186281 0.1
1.46 0.949736 0.0315922 0.0186714 0.1
1.47 0.949541 0.0317452 0.0187142 0.1
1.48 0.949346 0.0318975 0.0187565 0.1
1.49 0.949152 0.0320492 0.0187983 0.1
1.5 0.94896 0.0322003 0.0188397 0.1
1.51 0.948769 0.0323507 0.0188806 0.1
1.52 0.948578 0.0325005 0.0189211 0.1
1.53 0.948389 0.0326497 0.0189611 0.1
1.54 0.948201 0.0327982 0.0190007 0.1
1.55 0.948014 0.0329461 0.0190399 0.1
1.56 0.947828 0.0330934 0.0190786 0.1
1.57 0.947643 0.0332401 0.0191169 0.1
1.58 0.947459 0.0333862 0.0191548 0.1
1.59 0.947276 0.0335316 0.0191923 0.1
1.6 0.947094 0.0336765 0.0192294 0.1
1.61 0.946913 0.0338207 0.0192661 0.1
1.62 0.946733 0.0339644 0.0193024 0.1
1.63 0.946554 0.0341074 0.0193383 0.1
1.64 0.946376 0.0342499 0.0193738 0.1
1.65 0.946199 0.0343918 0.019409 0.1
1.66 0.946023 0.0345331 0.0194438 0.1
1.67 0.945848 0.0346738 0.0194782 0.1
1.68 0.945674 0.0348139 0.0195123 0.1
1.69 0.945501 0.0349534 0.0195461 0.1
1.7 0.945328 0.0350924 0.0195794 0.1
1.71 0.945157 0.0352308 0.0196125 0.1
1.72 0.944986 0.0353686 0.0196452 0.1
1.73 0.944817 0.0355059 0.0196775 0.1
1.74 0.944648 0.0356425 0.0197096 0.1
1.75 0.94448 0.0357787 0.0197413 0.1
1.76 0.944313 0.0359142 0.0197727 0.1
1.77 0.944147 0.0360493 0.0198038 0.1
1.78 0.943982 0.0361837 0.0198346 0.1
1.79 0.943817 0.0363176 0.019865 0.1
1.8 0.943654 0.036451 0.0198952 0.1
1.81 0.943491 0.0365838 0.0199251 0.1
1.82 0.943329 0.0367161 0.0199547 0.1
1.83 0.943168 0.0368478 0.019984 0.1
1.84 0.943008 0.036979 0.020013 0.1
1.85 0.942849 0.0371097 0.0200417 0.1
1.86 0.94269 0.0372398 0.0200702 0.1
1.87 0.942532 0.0373694 0.0200984 0.1
1.88 0.942375 0.0374985 0.0201263 0.1
1.89 0.942219 0.0376271 0.0201539 0.1
1.9 0.942064 0.0377551 0.0201813 0.1
1.91 0.941909 0.0378826 0.0202085 0.1
1.92 0.941755 0.0380096 0.0202353 0.1
1.93 0.941602 0.0381361 0.020262 0.1
1.94 0.94145 0.0382621 0.0202884 0.1
1.95 0.941298 0.0383876 0.0203145 0.1
1.96 0.941147 0.0385125 0.0203404 0.1
1.97 0.940997 0.038637 0.0203661 0.1
1.98 0.940848 0.038761 0.0203915 0.1
1.99 0.940699 0.0388844 0.0204167 0.1
2 0.940551 0.0390074 0.0204417 0.1
2.01 0.940404 0.0391299 0.0204665 0.1
2.02 0.940257 0.0392519 0.020491 0.1
2.03 0.940111 0.0393734 0.0205153 0.1
2.04 0.939966 0.0394944 0.0205395 0.1
2.05 0.939822 0.0396149 0.0205634 0.1
2.06 0.939678 0.039735 0.0205871 0.1
2.07 0.939535 0.0398545 0.0206105 0.1
2.08 0.939393 0.0399736 0.0206338 0.1
2.09 0.939251 0.0400923 0.0206569 0.1
2.1 0.93911 0.0402104 0.0206798 0.1
2.11 0.938969 0.0403281 0.0207025 0.1
2.12 0.93883 0.0404453 0.020725 0.1
2.13 0.938691 0.040562 0.0207474 0.1
2.14 0.938552 0.0406783 0.0207695 0.1
2.15 0.938414 0.0407942 0.0207915 0.1
2.16 0.938277 0.0409095 0.0208132 0.1
2.17 0.938141 0.0410245 0.0208348 0.1
2.18 0.938005 0.0411389 0.0208563 0.1
2.19 0.93787 0.0412529 0.0208775 0.1
2.2 0.937735 0.0413665 0.0208986 0.1
2.21 0.937601 0.0414796 0.0209195 0.1
2.22 0.937467 0.0415923 0.0209402 0.1
2.23 0.937335 0.0417045 0.0209608 0.1
2.24 0.937202 0.0418163 0.0209813 0.1
2.25 0.937071 0.0419277 0.0210015 0.1
2.26 0.93694 0.0420386 0.0210216 0.1
2.27 0.936809 0.0421491 0.0210416 0.1
2.28 0.936679 0.0422591 0.0210614 0.1
2.29 0.93655 0.0423687 0.021081 0.1
2.29999999999999 0.936422 0.0424779 0.0211006 0.1
2.30999999999999 0.936293 0.0425867 0.0211199 0.1
2.31999999999999 0.936166 0.0426951 0.0211391 0.1
2.32999999999999 0.936039 0.042803 0.0211582 0.1
2.33999999999999 0.935912 0.0429105 0.0211771 0.1
2.34999999999999 0.935786 0.0430176 0.0211959 0.1
2.35999999999999 0.935661 0.0431243 0.0212146 0.1
2.36999999999999 0.935536 0.0432305 0.0212331 0.1
2.37999999999999 0.935412 0.0433364 0.0212515 0.1
2.38999999999999 0.935288 0.0434418 0.0212698 0.1
2.39999999999999 0.935165 0.0435469 0.0212879 0.1
2.40999999999999 0.935043 0.0436515 0.0213059 0.1
2.41999999999999 0.93492 0.0437557 0.0213238 0.1
2.42999999999999 0.934799 0.0438596 0.0213416 0.1
2.43999999999999 0.934678 0.043963 0.0213592 0.1
2.44999999999999 0.934557 0.0440661 0.0213767 0.1
2.45999999999999 0.934437 0.0441687 0.0213941 0.1
2.46999999999999 0.934318 0.0442709 0.0214114 0.1
2.47999999999999 0.934199 0.0443728 0.0214286 0.1
2.48999999999999 0.93408 0.0444743 0.0214456 0.1
2.49999999999999 0.933962 0.0445754 0.0214626 0.1
2.50999999999999 0.933845 0.0446761 0.0214794 0.1
2.51999999999999 0.933728 0.0447764 0.0214961 0.1
2.52999999999999 0.933611 0.0448763 0.0215127 0.1
2.53999999999999 0.933495 0.0449759 0.0215292 0.1
2.54999999999999 0.933379 0.045075 0.0215456 0.1
2.55999999999999 0.933264 0.0451738 0.0215619 0.1
2.56999999999999 0.93315 0.0452723 0.0215781 0.1
2.57999999999999 0.933035 0.0453703 0.0215942 0.1
2.58999999999999 0.932922 0.045468 0.0216102 0.1
2.59999999999999 0.932809 0.0455653 0.0216261 0.1
2.60999999999999 0.932696 0.0456623 0.021642 0.1
2.61999999999999 0.932583 0.0457589 0.0216577 0.1
2.62999999999999 0.932472 0.0458551 0.0216733 0.1
2.63999999999999 0.93236 0.0459509 0.0216888 0.1
2.64999999999999 0.932249 0.0460464 0.0217042 0.1
2.65999999999999 0.932139 0.0461416 0.0217196 0.1
2.66999999999999 0.932029 0.0462364 0.0217348 0.1
2.67999999999999 0.931919 0.0463308 0.02175 0.1
2.68999999999999 0.93181 0.0464249 0.0217651 0.1
2.69999999999999 0.931701 0.0465186 0.0217801 0.1
2.70999999999999 0.931593 0.046612 0.021795 0.1
2.71999999999999 0.931485 0.046705 0.0218098 0.1
2.72999999999999 0.931378 0.0467977 0.0218246 0.1
2.73999999999999 0.931271 0.04689 0.0218392 0.1
2.74999999999999 0.931164 0.046982 0.0218538 0.1
2.75999999999999 0.931058 0.0470737 0.0218683 0.1
2.76999999999998 0.930952 0.047165 0.0218828 0.1
2.77999999999998 0.930847 0.047256 0.0218971 0.1
2.78999999999998 0.930742 0.0473466 0.0219114 0.1
2.79999999999998 0.930637 0.0474369 0.0219256 0.1
2.80999999999998 0.930533 0.0475269 0.0219397 0.1
2.81999999999998 0.93043 0.0476166 0.0219538 0.1
2.82999999999998 0.930326 0.0477059 0.0219678 0.1
2.83999999999998 0.930223 0.0477949 0.0219817 0.1
2.84999999999998 0.930121 0.0478835 0.0219956 0.1
2.85999999999998 0.930019 0.0479719 0.0220093 0.1
2.86999999999998 0.929917 0.0480599 0.0220231 0.1
2.87999999999998 0.929816 0.0481476 0.0220367 0.1
2.88999999999998 0.929715 0.048235 0.0220503 0.1
2.89999999999998 0.929614 0.048322 0.0220638 0.1
2.90999999999998 0.929514 0.0484088 0.0220772 0.1
2.91999999999998 0.929414 0.0484952 0.0220906 0.1
2.92999999999998 0.929315 0.0485813 0.022104 0.1
2.93999999999998 0.929216 0.0486671 0.0221172 0.1
2.94999999999998 0.929117 0.0487526 0.0221304 0.1
2.95999999999998 0.929019 0.0488378 0.0221436 0.1
2.96999999999998 0.928921 0.0489226 0.0221566 0.1
2.97999999999998 0.928823 0.0490072 0.0221697 0.1
2.98999999999998 0.928726 0.0490915 0.0221826 0.1
2.99999999999998 0.928629 0.0491754 0.0221955 0.1
3.00999999999998 0.928533 0.0492591 0.0222084 0.1
3.01999999999998 0.928436 0.0493424 0.0222212 0.1
3.02999999999998 0.928341 0.0494255 0.0222339 0.1
3.03999999999998 0.928245 0.0495083 0.0222466 0.1
3.04999999999998 0.92815 0.0495907 0.0222593 0.1
3.05999999999998 0.928055 0.0496729 0.0222718 0.1
3.06999999999998 0.927961 0.0497548 0.0222844 0.1
3.07999999999998 0.927867 0.0498364 0.0222969 0.1
3.08999999999998 0.927773 0.0499177 0.0223093 0.1
3.09999999999998 0.92768 0.0499987 0.0223217 0.1
3.10999999999998 0.927587 0.0500794 0.022334 0.1
3.11999999999998 0.927494 0.0501598 0.0223463 0.1
3.12999999999998 0.927402 0.05024 0.0223585 0.1
3.13999999999998 0.927309 0.0503198 0.0223707 0.1
3.14999999999998 0.927218 0.0503994 0.0223828 0.1
3.15999999999998 0.927126 0.0504787 0.0223949 0.1
3.16999999999998 0.927035 0.0505577 0.022407 0.1
3.17999999999998 0.926945 0.0506365 0.022419 0.1
3.18999999999998 0.926854 0.050715 0.0224309 0.1
3.19999999999998 0.926764 0.0507931 0.0224429 0.1
3.20999999999998 0.926674 0.0508711 0.0224547 0.1
3.21999999999998 0.926585 0.0509487 0.0224666 0.1
3.22999999999998 0.926496 0.0510261 0.0224784 0.1
3.23999999999997 0.926407 0.0511032 0.0224901 0.1
3.24999999999997 0.926318 0.05118 0.0225018 0.1
3.25999999999997 0.92623 0.0512566 0.0225135 0.1
3.26999999999997 0.926142 0.0513329 0.0225251 0.1
3.27999999999997 0.926054 0.051409 0.0225367 0.1
3.28999999999997 0.925967 0.0514848 0.0225482 0.1
3.29999999999997 0.92588 0.0515603 0.0225597 0.1
3.30999999999997 0.925793 0.0516355 0.0225712 0.1
3.31999999999997 0.925707 0.0517105 0.0225826 0.1
3.32999999999997 0.925621 0.0517853 0.022594 0.1
3.33999999999997 0.925535 0.0518597 0.0226054 0.1
3.34999999999997 0.925449 0.051934 0.0226167 0.1
3.35999999999997 0.925364 0.0520079 0.022628 0.1
3.36999999999997 0.925279 0.0520817 0.0226393 0.1
3.37999999999997 0.925194 0.0521551 0.0226505 0.1
3.38999999999997 0.92511 0.0522284 0.0226617 0.1
3.39999999999997 0.925026 0.0523013 0.0226728 0.1
3.40999999999997 0.924942 0.052374 0.0226839 0.1
3.41999999999997 0.924858 0.0524465 0.022695 0.1
3.42999999999997 0.924775 0.0525187 0.0227061 0.1
3.43999999999997 0.924692 0.0525907 0.0227171 0.1
3.44999999999997 0.924609 0.0526625 0.0227281 0.1
3.45999999999997 0.924527 0.052734 0.022739 0.1
3.46999999999997 0.924445 0.0528052 0.02275 0.1
3.47999999999997 0.924363 0.0528762 0.0227609 0.1
3.48999999999997 0.924281 0.052947 0.0227717 0.1
3.49999999999997 0.9242 0.0530175 0.0227826 0.1
3.50999999999997 0.924119 0.0530878 0.0227934 0.1
3.51999999999997 0.924038 0.0531579 0.0228042 0.1
3.52999999999997 0.923957 0.0532277 0.0228149 0.1
3.53999999999997 0.923877 0.0532973 0.0228256 0.1
3.54999999999997 0.923797 0.0533667 0.0228363 0.1
3.55999999999997 0.923717 0.0534359 0.022847 0.1
3.56999999999997 0.923638 0.0535048 0.0228576 0.1
3.57999999999997 0.923558 0.0535734 0.0228683 0.1
3.58999999999997 0.923479 0.0536419 0.0228788 0.1
3.59999999999997 0.9234 0.0537101 0.0228894 0.1
3.60999999999997 0.923322 0.0537781 0.0228999 0.1
3.61999999999997 0.923244 0.0538459 0.0229104 0.1
3.62999999999997 0.923166 0.0539135 0.0229209 0.1
3.63999999999997 0.923088 0.0539808 0.0229314 0.1
3.64999999999997 0.92301 0.0540479 0.0229418 0.1
3.65999999999997 0.922933 0.0541148 0.0229522 0.1
3.66999999999997 0.922856 0.0541815 0.0229626 0.1
3.67999999999997 0.922779 0.0542479 0.022973 0.1
3.68999999999997 0.922703 0.0543142 0.0229833 0.1
3.69999999999997 0.922626 0.0543802 0.0229936 0.1
3.70999999999996 0.92255 0.054446 0.0230039 0.1
3.71999999999996 0.922474 0.0545116 0.0230142 0.1
3.72999999999996 0.922399 0.054577 0.0230245 0.1
3.73999999999996 0.922323 0.0546421 0.0230347 0.1
3.74999999999996 0.922248 0.0547071 0.0230449 0.1
3.75999999999996 0.922173 0.0547718 0.0230551 0.1
3.76999999999996 0.922098 0.0548364 0.0230652 0.1
3.77999999999996 0.922024 0.0549007 0.0230754 0.1
3.78999999999996 0.92195 0.0549649 0.0230855 0.1
3.79999999999996 0.921876 0.0550288 0.0230956 0.1
3.80999999999996 0.921802 0.0550925 0.0231057 0.1
3.81999999999996 0.921728 0.055156 0.0231158 0.1
3.82999999999996 0.921655 0.0552193 0.0231258 0.1
3.83999999999996 0.921582 0.0552825 0.0231358 0.1
3.84999999999996 0.921509 0.0553454 0.0231458 0.1
3.85999999999996 0.921436 0.0554081 0.0231558 0.1
3.86999999999996 0.921364 0.0554706 0.0231658 0.1
3.87999999999996 0.921291 0.0555329 0.0231757 0.1
3.88999999999996 0.921219 0.055595 0.0231857 0.1
3.89999999999996 0.921147 0.055657 0.0231956 0.1
3.90999999999996 0.921076 0.0557187 0.0232055 0.1
3.91999999999996 0.921004 0.0557802 0.0232154 0.1
3.92999999999996 0.920933 0.0558416 0.0232252 0.1
3.93999999999996 0.920862 0.0559027 0.0232351 0.1
3.94999999999996 0.920791 0.0559637 0.0232449 0.1
3.95999999999996 0.920721 0.0560245 0.0232547 0.1
3.96999999999996 0.92065 0.0560851 0.0232645 0.1
3.97999999999996 0.92058 0.0561455 0.0232743 0.1
3.98999999999996 0.92051 0.0562057 0.023284 0.1
3.99999999999996 0.920441 0.0562657 0.0232938 0.1
4.00999999999996 0.920371 0.0563255 0.0233035 0.1
4.01999999999996 0.920302 0.0563852 0.0233132 0.1
4.02999999999996 0.920232 0.0564447 0.0233229 0.1
4.03999999999996 0.920163 0.056504 0.0233326 0.1
4.04999999999996 0.920095 0.0565631 0.0233423 0.1
4.05999999999996 0.920026 0.056622 0.0233519 0.1
4.06999999999996 0.919958 0.0566807 0.0233616 0.1
4.07999999999996 0.919889 0.0567393 0.0233712 0.1
4.08999999999996 0.919821 0.0567977 0.0233808 0.1
4.09999999999996 0.919754 0.0568559 0.0233904 0.1
4.10999999999996 0.919686 0.056914 0.0234 0.1
4.11999999999996 0.919619 0.0569718 0.0234096 0.1
4.12999999999996 0.919551 0.0570295 0.0234191 0.1
4.13999999999996 0.919484 0.057087 0.0234287 0.1
4.14999999999996 0.919417 0.0571444 0.0234382 0.1
4.15999999999996 0.919351 0.0572015 0.0234477 0.1
4.16999999999996 0.919284 0.0572585 0.0234572 0.1
4.17999999999996 0.919218 0.0573154 0.0234667 0.1
4.18999999999996 0.919152 0.057372 0.0234762 0.1
4.19999999999995 0.919086 0.0574285 0.0234857 0.1
4.20999999999995 0.91902 0.0574848 0.0234951 0.1
4.21999999999995 0.918954 0.057541 0.0235046 0.1
4.22999999999995 0.918889 0.057597 0.023514 0.1
4.23999999999995 0.918824 0.0576528 0.0235234 0.1
4.24999999999995 0.918759 0.0577085 0.0235328 0.1
4.25999999999995 0.918694 0.0577639 0.0235422 0.1
4.26999999999995 0.918629 0.0578193 0.0235516 0.1
4.27999999999995 0.918565 0.0578744 0.023561 0.1
4.28999999999995 0.662857 0.167112 0.170031 0.1
4.29999999999995 0.664674 0.167023 0.168303 0.1
4.30999999999995 0.666477 0.166931 0.166592 0.1
4.31999999999995 0.668267 0.166836 0.164898 0.1
4.32999999999995 0.670043 0.166736 0.163221 0.1
4.33999999999995 0.671806 0.166634 0.16156 0.1
4.34999999999995 0.673556 0.166527 0.159917 0.1
4.35999999999995 0.675293 0.166417 0.15829 0.1
4.36999999999995 0.677017 0.166304 0.156679 0.1
4.37999999999995 0.678727 0.166187 0.155085 0.1
4.38999999999995 0.680425 0.166067 0.153508 0.1
4.39999999999995 0.682109 0.165944 0.151947 0.1
4.40999999999995 0.683781 0.165818 0.150402 0.1
4.41999999999995 0.68544 0.165688 0.148873 0.1
4.42999999999995 0.687085 0.165555 0.14736 0.1
4.43999999999995 0.688718 0.165419 0.145862 0.1
4.44999999999995 0.690338 0.16528 0.144381 0.1
4.45999999999995 0.691946 0.165139 0.142916 0.1
4.46999999999995 0.693541 0.164994 0.141466 0.1
4.47999999999995 0.695123 0.164846 0.140031 0.1
4.48999999999995 0.696692 0.164696 0.138612 0.1
4.49999999999995 0.69825 0.164542 0.137208 0.1
4.50999999999995 0.699794 0.164386 0.13582 0.1
4.51999999999995 0.701327 0.164227 0.134446 0.1
4.52999999999995 0.702847 0.164066 0.133087 0.1
4.53999999999995 0.704354 0.163902 0.131744 0.1
4.54999999999995 0.70585 0.163735 0.130415 0.1
4.55999999999995 0.707333 0.163566 0.1291 0.1
4.56999999999995 0.708804 0.163395 0.127801 0.1
4.57999999999995 0.710264 0.163221 0.126515 0.1
4.58999999999995 0.711711 0.163045 0.125244 0.1
4.59999999999995 0.713146 0.162866 0.123988 0.1
4.60999999999995 0.71457 0.162685 0.122745 0.1
4.61999999999995 0.715982 0.162502 0.121516 0.1
4.62999999999995 0.717382 0.162316 0.120301 0.1
4.63999999999995 0.718771 0.162129 0.1191 0.1
4.64999999999995 0.720148 0.161939 0.117913 0.1
4.65999999999995 0.721513 0.161748 0.116739 0.1
4.66999999999994 0.722867 0.161554 0.115579 0.1
4.67999999999994 0.72421 0.161358 0.114432 0.1
4.68999999999994 0.725542 0.16116 0.113298 0.1
4.69999999999994 0.726862 0.160961 0.112177 0.1
4.70999999999994 0.728171 0.160759 0.11107 0.1
4.71999999999994 0.729469 0.160556 0.109975 0.1
4.72999999999994 0.730757 0.160351 0.108892 0.1
4.73999999999994 0.732033 0.160144 0.107823 0.1
4.74999999999994 0.733298 0.159936 0.106766 0.1
4.75999999999994 0.734553 0.159725 0.105722 0.1
4.76999999999994 0.735797 0.159514 0.104689 0.1
4.77999999999994 0.73703 0.1593 0.103669 0.1
4.78999999999994 0.738253 0.159085 0.102662 0.1
4.79999999999994 0.739466 0.158869 0.101666 0.1
4.80999999999994 0.740668 0.158651 0.100682 0.1
4.81999999999994 0.741859 0.158432 0.0997093 0.1
4.82999999999994 0.743041 0.158211 0.0987486 0.1
4.83999999999994 0.744212 0.157989 0.0977995 0.1
4.84999999999994 0.745373 0.157765 0.0968618 0.1
4.85999999999994 0.746524 0.15754 0.0959354 0.1
4.86999999999994 0.747665 0.157314 0.0950203 0.1
4.87999999999994 0.748797 0.157087 0.0941162 0.1
4.88999999999994 0.749918 0.156859 0.0932231 0.1
4.89999999999994 0.75103 0.156629 0.0923409 0.1
4.90999999999994 0.752132 0.156398 0.0914695 0.1
4.91999999999994 0.753225 0.156166 0.0906088 0.1
4.92999999999994 0.754308 0.155934 0.0897586 0.1
4.93999999999994 0.755382 0.1557 0.0889188 0.1
4.94999999999994 0.756446 0.155465 0.0880894 0.1
4.95999999999994 0.757501 0.155229 0.0872703 0.1
4.96999999999994 0.758547 0.154992 0.0864612 0.1
4.97999999999994 0.759583 0.154754 0.0856622 0.1
4.98999999999994 0.760611 0.154516 0.0848732 0.1
4.99999999999994 0.76163 0.154276 0.0840939 0.1
5.00999999999994 0.76264 0.154036 0.0833244 0.1
5.01999999999994 0.763641 0.153795 0.0825645 0.1
5.02999999999994 0.764633 0.153553 0.0818141 0.1
5.03999999999994 0.765616 0.153311 0.0810732 0.1
5.04999999999994 0.766591 0.153067 0.0803415 0.1
5.05999999999994 0.767557 0.152823 0.0796191 0.1
5.06999999999994 0.768515 0.152579 0.0789058 0.1
5.07999999999994 0.769465 0.152334 0.0782015 0.1
5.08999999999994 0.770406 0.152088 0.0775061 0.1
5.09999999999994 0.771339 0.151842 0.0768195 0.1
5.10999999999994 0.772264 0.151595 0.0761417 0.1
5.11999999999994 0.77318 0.151347 0.0754725 0.1
5.12999999999994 0.774089 0.151099 0.0748118 0.1
5.13999999999993 0.774989 0.150851 0.0741596 0.1
5.14999999999993 0.775882 0.150602 0.0735158 0.1
5.15999999999993 0.776767 0.150353 0.0728802 0.1
5.16999999999993 0.777644 0.150103 0.0722527 0.1
5.17999999999993 0.778513 0.149853 0.0716333 0.1
5.18999999999993 0.779375 0.149603 0.0710219 0.1
5.19999999999993 0.780229 0.149353 0.0704184 0.1
5.20999999999993 0.781076 0.149102 0.0698227 0.1
5.21999999999993 0.781915 0.14885 0.0692347 0.1
5.22999999999993 0.782747 0.148599 0.0686543 0.1
5.23999999999993 0.783571 0.148347 0.0680815 0.1
5.24999999999993 0.784389 0.148095 0.0675161 0.1
5.25999999999993 0.785199 0.147843 0.0669581 0.1
5.26999999999993 0.786002 0.147591 0.0664073 0.1
5.27999999999993 0.786798 0.147338 0.0658638 0.1
5.28999999999993 0.787587 0.147085 0.0653273 0.1
5.29999999999993 0.788369 0.146833 0.0647979 0.1
5.30999999999993 0.789145 0.14658 0.0642754 0.1
5.31999999999993 0.789913 0.146327 0.0637598 0.1
5.32999999999993 0.790675 0.146074 0.063251 0.1
5.33999999999993 0.79143 0.145821 0.0627489 0.1
5.34999999999993 0.792179 0.145568 0.0622534 0.1
5.35999999999993 0.792921 0.145315 0.0617644 0.1
5.36999999999993 0.793656 0.145062 0.0612819 0.1
5.37999999999993 0.794386 0.144809 0.0608058 0.1
5.38999999999993 0.795108 0.144556 0.060336 0.1
5.39999999999993 0.795825 0.144303 0.0598724 0.1
5.40999999999993 0.796535 0.14405 0.059415 0.1
5.41999999999993 0.797239 0.143797 0.0589637 0.1
5.42999999999993 0.797937 0.143544 0.0585183 0.1
5.43999999999993 0.798629 0.143292 0.058079 0.1
5.44999999999993 0.799315 0.143039 0.0576455 0.1
5.45999999999993 0.799995 0.142787 0.0572177 0.1
5.46999999999993 0.800669 0.142535 0.0567958 0.1
5.47999999999993 0.801337 0.142283 0.0563794 0.1
5.48999999999993 0.802 0.142032 0.0559687 0.1
5.49999999999993 0.802657 0.14178 0.0555634 0.1
5.50999999999993 0.803308 0.141529 0.0551637 0.1
5.51999999999993 0.803953 0.141278 0.0547693 0.1
5.52999999999993 0.804593 0.141027 0.0543802 0.1
5.53999999999993 0.805227 0.140776 0.0539963 0.1
5.54999999999993 0.805856 0.140526 0.0536177 0.1
5.55999999999993 0.80648 0.140276 0.0532441 0.1
5.56999999999993 0.807098 0.140026 0.0528757 0.1
5.57999999999993 0.807711 0.139777 0.0525122 0.1
5.58999999999993 0.808318 0.139528 0.0521536 0.1
5.59999999999993 0.808921 0.139279 0.0517999 0.1
5.60999999999992 0.809518 0.139031 0.051451 0.1
5.61999999999992 0.81011 0.138783 0.0511069 0.1
5.62999999999992 0.810697 0.138535 0.0507674 0.1
5.63999999999992 0.811279 0.138288 0.0504326 0.1
5.64999999999992 0.811857 0.138041 0.0501023 0.1
5.65999999999992 0.812429 0.137795 0.0497766 0.1
5.66999999999992 0.812996 0.137549 0.0494553 0.1
5.67999999999992 0.813559 0.137303 0.0491384 0.1
5.68999999999992 0.814117 0.137058 0.0488258 0.1
5.69999999999992 0.81467 0.136813 0.0485176 0.1
5.70999999999992 0.815218 0.136568 0.0482135 0.1
5.71999999999992 0.815762 0.136325 0.0479136 0.1
5.72999999999992 0.816301 0.136081 0.0476179 0.1
5.73999999999992 0.816836 0.135838 0.0473262 0.1
5.74999999999992 0.817366 0.135596 0.0470386 0.1
5.75999999999992 0.817892 0.135354 0.0467549 0.1
5.76999999999992 0.818413 0.135112 0.0464751 0.1
5.77999999999992 0.81893 0.134871 0.0461992 0.1
5.78999999999992 0.819442 0.134631 0.0459271 0.1
5.79999999999992 0.819951 0.134391 0.0456587 0.1
5.80999999999992 0.820455 0.134151 0.0453941 0.1
5.81999999999992 0.820955 0.133912 0.0451331 0.1
5.82999999999992 0.82145 0.133674 0.0448758 0.1
5.83999999999992 0.821942 0.133436 0.044622 0.1
5.84999999999992 0.82243 0.133199 0.0443718 0.1
5.85999999999992 0.822913 0.132962 0.044125 0.1
5.86999999999992 0.823392 0.132726 0.0438817 0.1
5.87999999999992 0.823868 0.13249 0.0436418 0.1
5.88999999999992 0.82434 0.132255 0.0434052 0.1
5.89999999999992 0.824807 0.132021 0.0431719 0.1
5.90999999999992 0.825271 0.131787 0.0429419 0.1
5.91999999999992 0.825731 0.131554 0.0427151 0.1
5.92999999999992 0.826187 0.131321 0.0424914 0.1
5.93999999999992 0.82664 0.131089 0.0422709 0.1
5.94999999999992 0.827089 0.130858 0.0420535 0.1
5.95999999999992 0.827534 0.130627 0.0418391 0.1
5.96999999999992 0.827976 0.130397 0.0416278 0.1
5.97999999999992 0.828413 0.130167 0.0414194 0.1
5.98999999999992 0.828848 0.129938 0.0412139 0.1
5.99999999999992 0.829279 0.12971 0.0410114 0.1
6.00999999999992 0.829706 0.129482 0.0408117 0.1
6.01999999999992 0.83013 0.129255 0.0406148 0.1
6.02999999999992 0.83055 0.129029 0.0404206 0.1
6.03999999999992 0.830967 0.128803 0.0402292 0.1
6.04999999999992 0.831381 0.128578 0.0400406 0.1
6.05999999999992 0.831792 0.128354 0.0398546 0.1
6.06999999999992 0.832199 0.12813 0.0396712 0.1
6.07999999999991 0.478346 0.294059 0.227595 0.1
6.08999999999991 0.480432 0.294069 0.2255 0.1
6.09999999999991 0.48251 0.29407 0.22342 0.1
6.10999999999991 0.484582 0.294062 0.221356 0.1
6.11999999999991 0.486646 0.294046 0.219309 0.1
6.12999999999991 0.488702 0.294021 0.217277 0.1
6.13999999999991 0.490751 0.293987 0.215262 0.1
6.14999999999991 0.492793 0.293945 0.213262 0.1
6.15999999999991 0.494826 0.293895 0.211279 0.1
6.16999999999991 0.496853 0.293836 0.209311 0.1
6.17999999999991 0.498871 0.293769 0.20736 0.1
6.18999999999991 0.500881 0.293694 0.205424 0.1
6.19999999999991 0.502884 0.293611 0.203505 0.1
6.20999999999991 0.504879 0.29352 0.201601 0.1
6.21999999999991 0.506866 0.293421 0.199714 0.1
6.22999999999991 0.508845 0.293314 0.197842 0.1
6.23999999999991 0.510815 0.293199 0.195986 0.1
6.24999999999991 0.512778 0.293076 0.194146 0.1
6.25999999999991 0.514733 0.292946 0.192321 0.1
6.26999999999991 0.516679 0.292808 0.190513 0.1
6.27999999999991 0.518618 0.292663 0.18872 0.1
6.28999999999991 0.520548 0.29251 0.186942 0.1
6.29999999999991 0.52247 0.29235 0.18518 0.1
6.30999999999991 0.524383 0.292183 0.183434 0.1
6.31999999999991 0.526289 0.292008 0.181703 0.1
6.32999999999991 0.528186 0.291826 0.179988 0.1
6.33999999999991 0.530074 0.291638 0.178288 0.1
6.34999999999991 0.531954 0.291442 0.176604 0.1
6.35999999999991 0.533826 0.291239 0.174935 0.1
6.36999999999991 0.53569 0.29103 0.173281 0.1
6.37999999999991 0.537545 0.290814 0.171642 0.1
6.38999999999991 0.539391 0.290591 0.170018 0.1
6.39999999999991 0.541229 0.290362 0.168409 0.1
6.40999999999991 0.543059 0.290126 0.166816 0.1
6.41999999999991 0.54488 0.289883 0.165237 0.1
6.42999999999991 0.546692 0.289635 0.163673 0.1
6.43999999999991 0.548496 0.28938 0.162124 0.1
6.44999999999991 0.550291 0.289119 0.16059 0.1
6.45999999999991 0.552078 0.288852 0.15907 0.1
6.46999999999991 0.553857 0.288579 0.157565 0.1
6.47999999999991 0.555626 0.288299 0.156074 0.1
6.48999999999991 0.557387 0.288014 0.154598 0.1
6.49999999999991 0.55914 0.287724 0.153136 0.1
6.50999999999991 0.560884 0.287427 0.151689 0.1
6.51999999999991 0.56262 0.287125 0.150255 0.1
6.52999999999991 0.564346 0.286817 0.148836 0.1
6.53999999999991 0.566065 0.286504 0.147431 0.1
6.5499999999999 0.567774 0.286186 0.14604 0.1
6.5599999999999 0.569476 0.285862 0.144662 0.1
6.5699999999999 0.571168 0.285533 0.143299 0.1
6.5799999999999 0.572852 0.285199 0.141949 0.1
6.5899999999999 0.574528 0.284859 0.140613 0.1
6.5999999999999 0.576195 0.284515 0.13929 0.1
6.6099999999999 0.577853 0.284165 0.137981 0.1
6.6199999999999 0.579503 0.283811 0.136686 0.1
6.6299999999999 0.581145 0.283452 0.135403 0.1
6.6399999999999 0.582778 0.283089 0.134134 0.1
6.6499999999999 0.584402 0.28272 0.132878 0.1
6.6599999999999 0.586018 0.282347 0.131635 0.1
6.6699999999999 0.587625 0.28197 0.130405 0.1
6.6799999999999 0.589224 0.281588 0.129187 0.1
6.6899999999999 0.590815 0.281202 0.127983 0.1
6.6999999999999 0.592397 0.280812 0.126791 0.1
6.7099999999999 0.593971 0.280417 0.125612 0.1
6.7199999999999 0.595537 0.280018 0.124445 0.1
6.7299999999999 0.597094 0.279616 0.123291 0.1
6.7399999999999 0.598643 0.279209 0.122148 0.1
6.7499999999999 0.600183 0.278798 0.121019 0.1
6.7599999999999 0.601715 0.278384 0.119901 0.1
6.7699999999999 0.603239 0.277966 0.118795 0.1
6.7799999999999 0.604755 0.277544 0.117702 0.1
6.7899999999999 0.606262 0.277118 0.11662 0.1
6.7999999999999 0.607762 0.276689 0.11555 0.1
6.8099999999999 0.609253 0.276256 0.114491 0.1
6.8199999999999 0.610736 0.27582 0.113444 0.1
6.8299999999999 0.61221 0.275381 0.112409 0.1
6.8399999999999 0.613677 0.274938 0.111385 0.1
6.8499999999999 0.615136 0.274492 0.110372 0.1
6.8599999999999 0.616586 0.274043 0.109371 0.1
6.8699999999999 0.618029 0.273591 0.10838 0.1
6.8799999999999 0.619464 0.273135 0.107401 0.1
6.8899999999999 0.62089 0.272677 0.106433 0.1
6.8999999999999 0.622309 0.272216 0.105475 0.1
6.9099999999999 0.62372 0.271752 0.104528 0.1
6.9199999999999 0.625123 0.271285 0.103592 0.1
6.9299999999999 0.626518 0.270816 0.102666 0.1
6.9399999999999 0.627905 0.270344 0.101751 0.1
6.9499999999999 0.629285 0.269869 0.100846 0.1
6.9599999999999 0.630657 0.269392 0.0999515 0.1
6.9699999999999 0.632021 0.268912 0.0990671 0.1
6.9799999999999 0.633377 0.26843 0.0981928 0.1
6.9899999999999 0.634726 0.267945 0.0973285 0.1
6.9999999999999 0.636068 0.267458 0.0964741 0.1
7.0099999999999 0.637401 0.266969 0.0956295 0.1
7.01999999999989 0.638727 0.266478 0.0947947 0.1
7.02999999999989 0.640046 0.265985 0.0939694 0.1
7.03999999999989 0.641357 0.265489 0.0931538 0.1
7.04999999999989 0.642661 0.264992 0.0923476 0.1
7.05999999999989 0.643957 0.264492 0.0915507 0.1
7.06999999999989 0.645246 0.263991 0.0907632 0.1
7.07999999999989 0.646527 0.263488 0.0899848 0.1
7.08999999999989 0.647802 0.262983 0.0892156 0.1
7.09999999999989 0.649069 0.262476 0.0884553 0.1
7.10999999999989 0.650329 0.261967 0.087704 0.1
7.11999999999989 0.651581 0.261457 0.0869615 0.1
7.12999999999989 0.652827 0.260946 0.0862278 0.1
7.13999999999989 0.654065 0.260432 0.0855028 0.1
7.14999999999989 0.655296 0.259917 0.0847863 0.1
7.15999999999989 0.65652 0.259401 0.0840783 0.1
7.16999999999989 0.657738 0.258884 0.0833788 0.1
7.17999999999989 0.658948 0.258365 0.0826875 0.1
7.18999999999989 0.660151 0.257844 0.0820046 0.1
7.19999999999989 0.661347 0.257323 0.0813297 0.1
7.20999999999989 0.662537 0.2568 0.080663 0.1
7.21999999999989 0.66372 0.256276 0.0800043 0.1
7.22999999999989 0.664896 0.255751 0.0793534 0.1
7.23999999999989 0.666065 0.255225 0.0787104 0.1
7.24999999999989 0.667227 0.254698 0.0780752 0.1
7.25999999999989 0.668383 0.25417 0.0774476 0.1
7.26999999999989 0.669532 0.25364 0.0768277 0.1
7.27999999999989 0.670674 0.25311 0.0762152 0.1
7.28999999999989 0.67181 0.25258 0.0756102 0.1
7.29999999999989 0.67294 0.252048 0.0750125 0.1
7.30999999999989 0.674063 0.251515 0.0744221 0.1
7.31999999999989 0.675179 0.250982 0.0738389 0.1
7.32999999999989 0.676289 0.250448 0.0732628 0.1
7.33999999999989 0.677393 0.249914 0.0726938 0.1
7.34999999999989 0.67849 0.249378 0.0721317 0.1
7.35999999999989 0.679581 0.248843 0.0715766 0.1
7.36999999999989 0.680666 0.248306 0.0710282 0.1
7.37999999999989 0.681744 0.247769 0.0704866 0.1
7.38999999999989 0.682816 0.247232 0.0699517 0.1
7.39999999999989 0.683882 0.246694 0.0694234 0.1
7.40999999999989 0.684942 0.246156 0.0689017 0.1
7.41999999999989 0.685996 0.245617 0.0683863 0.1
7.42999999999989 0.687044 0.245079 0.0678774 0.1
7.43999999999989 0.688086 0.244539 0.0673748 0.1
7.44999999999989 0.689122 0.244 0.0668784 0.1
7.45999999999989 0.690152 0.24346 0.0663882 0.1
7.46999999999989 0.691175 0.24292 0.0659042 0.1
7.47999999999989 0.692194 0.24238 0.0654261 0.1
7.48999999999988 0.693206 0.24184 0.064954 0.1
7.49999999999988 0.694212 0.2413 0.0644879 0.1
7.50999999999988 0.695213 0.24076 0.0640276 0.1
7.51999999999988 0.696208 0.240219 0.063573 0.1
7.52999999999988 0.697197 0.239679 0.0631242 0.1
7.53999999999988 0.698181 0.239138 0.062681 0.1
7.54999999999988 0.699159 0.238598 0.0622434 0.1
7.55999999999988 0.700131 0.238058 0.0618113 0.1
7.56999999999988 0.701098 0.237518 0.0613846 0.1
7.57999999999988 0.702059 0.236978 0.0609634 0.1
7.58999999999988 0.703015 0.236438 0.0605474 0.1
7.59999999999988 0.703965 0.235898 0.0601368 0.1
7.60999999999988 0.70491 0.235359 0.0597313 0.1
7.61999999999988 0.705849 0.23482 0.059331 0.1
7.62999999999988 0.706784 0.234281 0.0589358 0.1
7.63999999999988 0.707712 0.233742 0.0585456 0.1
7.64999999999988 0.708636 0.233204 0.0581603 0.1
7.65999999999988 0.709554 0.232666 0.05778 0.1
7.66999999999988 0.710467 0.232128 0.0574045 0.1
7.67999999999988 0.711375 0.231591 0.0570339 0.1
7.68999999999988 0.712278 0.231054 0.0566679 0.1
7.69999999999988 0.713176 0.230518 0.0563067 0.1
7.70999999999988 0.714068 0.229982 0.0559501 0.1
7.71999999999988 0.714956 0.229446 0.055598 0.1
7.72999999999988 0.715838 0.228911 0.0552505 0.1
7.73999999999988 0.716716 0.228377 0.0549074 0.1
7.74999999999988 0.717588 0.227843 0.0545688 0.1
7.75999999999988 0.718456 0.22731 0.0542345 0.1
7.76999999999988 0.719318 0.226777 0.0539045 0.1
7.77999999999988 0.720176 0.226245 0.0535788 0.1
7.78999999999988 0.721029 0.225714 0.0532573 0.1
7.79999999999988 0.721877 0.225183 0.0529399 0.1
7.80999999999988 0.722721 0.224653 0.0526266 0.1
7.81999999999988 0.723559 0.224123 0.0523174 0.1
7.82999999999988 0.724393 0.223595 0.0520122 0.1
7.83999999999988 0.725222 0.223066 0.051711 0.1
7.84999999999988 0.726047 0.222539 0.0514137 0.1
7.85999999999988 0.726867 0.222013 0.0511202 0.1
7.86999999999988 0.727682 0.221487 0.0508306 0.1
7.87999999999988 0.728493 0.220962 0.0505447 0.1
7.88999999999988 0.7293 0.220438 0.0502625 0.1
7.89999999999988 0.730101 0.219915 0.0499841 0.1
7.90999999999988 0.730899 0.219392 0.0497092 0.1
7.91999999999988 0.731692 0.21887 0.049438 0.1
7.92999999999988 0.73248 0.21835 0.0491703 0.1
7.93999999999988 0.733264 0.21783 0.0489061 0.1
7.94999999999987 0.734044 0.217311 0.0486453 0.1
7.95999999999987 0.734819 0.216793 0.048388 0.1
7.96999999999987 0.73559 0.216276 0.0481341 0.1
7.97999999999987 0.736357 0.21576 0.0478834 0.1
7.98999999999987 0.73712 0.215244 0.0476361 0.1
7.99999999999987 0.737878 0.21473 0.047392 0.1
8.00999999999987 0.738632 0.214217 0.0471512 0.1
8.01999999999987 0.739382 0.213705 0.0469135 0.1
8.02999999999987 0.740128 0.213193 0.0466789 0.1
8.03999999999987 0.740869 0.212683 0.0464474 0.1
8.04999999999987 0.741607 0.212174 0.046219 0.1
8.05999999999987 0.742341 0.211666 0.0459936 0.1
8.06999999999987 0.74307 0.211159 0.0457712 0.1
8.07999999999987 0.743796 0.210653 0.0455517 0.1
8.08999999999987 0.744517 0.210148 0.0453352 0.1
8.09999999999987 0.745235 0.209644 0.0451214 0.1
8.10999999999987 0.745948 0.209141 0.0449106 0.1
8.11999999999987 0.746658 0.20864 0.0447025 0.1
8.12999999999987 0.368936 0.410915 0.220149 0.1
8.13999999999987 0.370792 0.410966 0.218241 0.1
8.14999999999987 0.372646 0.411006 0.216348 0.1
8.15999999999987 0.374496 0.411035 0.214469 0.1
8.16999999999987 0.376343 0.411053 0.212604 0.1
8.17999999999987 0.378188 0.411059 0.210753 0.1
8.18999999999987 0.380029 0.411054 0.208917 0.1
8.19999999999987 0.381868 0.411038 0.207094 0.1
8.20999999999987 0.383703 0.411011 0.205286 0.1
8.21999999999987 0.385535 0.410973 0.203491 0.1
8.22999999999987 0.387364 0.410925 0.201711 0.1
8.23999999999987 0.38919 0.410866 0.199945 0.1
8.24999999999987 0.391012 0.410796 0.198192 0.1
8.25999999999987 0.392831 0.410715 0.196454 0.1
8.26999999999987 0.394646 0.410624 0.194729 0.1
8.27999999999987 0.396458 0.410523 0.193019 0.1
8.28999999999987 0.398266 0.410411 0.191322 0.1
8.29999999999987 0.400071 0.410289 0.18964 0.1
8.30999999999987 0.401872 0.410157 0.187971 0.1
8.31999999999987 0.403669 0.410015 0.186316 0.1
8.32999999999987 0.405463 0.409863 0.184674 0.1
8.33999999999987 0.407253 0.409701 0.183046 0.1
8.34999999999987 0.409039 0.409529 0.181432 0.1
8.35999999999987 0.410821 0.409347 0.179832 0.1
8.36999999999987 0.412599 0.409156 0.178245 0.1
8.37999999999987 0.414373 0.408955 0.176672 0.1
8.38999999999987 0.416143 0.408745 0.175112 0.1
8.39999999999987 0.417909 0.408525 0.173566 0.1
8.40999999999987 0.419671 0.408296 0.172033 0.1
8.41999999999986 0.421429 0.408058 0.170514 0.1
8.42999999999986 0.423183 0.40781 0.169007 0.1
8.43999999999986 0.424932 0.407554 0.167514 0.1
8.44999999999986 0.426677 0.407288 0.166034 0.1
8.45999999999986 0.428418 0.407014 0.164568 0.1
8.46999999999986 0.430155 0.406731 0.163114 0.1
8.47999999999986 0.431888 0.406439 0.161674 0.1
8.48999999999986 0.433616 0.406138 0.160246 0.1
8.49999999999986 0.435339 0.405829 0.158831 0.1
8.50999999999986 0.437058 0.405512 0.15743 0.1
8.51999999999986 0.438773 0.405186 0.156041 0.1
8.52999999999986 0.440483 0.404852 0.154664 0.1
8.53999999999986 0.442189 0.40451 0.153301 0.1
8.54999999999986 0.44389 0.40416 0.15195 0.1
8.55999999999986 0.445587 0.403802 0.150611 0.1
8.56999999999986 0.447279 0.403436 0.149285 0.1
8.57999999999986 0.448967 0.403062 0.147972 0.1
8.58999999999986 0.45065 0.40268 0.14667 0.1
8.59999999999986 0.129485 0.456142 0.414373 0.1
8.60999999999986 0.130735 0.457557 0.411708 0.1
8.61999999999986 0.131991 0.458959 0.40905 0.1
8.62999999999986 0.133252 0.460351 0.406397 0.1
8.63999999999986 0.134519 0.46173 0.403751 0.1
8.64999999999986 0.135791 0.463098 0.401112 0.1
8.65999999999986 0.137068 0.464454 0.398478 0.1
8.66999999999986 0.138351 0.465798 0.395852 0.1
8.67999999999986 0.139639 0.467129 0.393232 0.1
