0 0.333333 0.333333 0.333333 1
0.1 0.172136 0.421676 0.406189 1
0.2 0.326426 0.491671 0.181903 1
0.3 0.484006 0.450735 0.065259 1
0.4 0.620405 0.358239 0.0213561 1
0.5 0.730632 0.262106 0.007262 1
0.6 0.815086 0.18197 0.00294433 1
0.700000000000001 0.876457 0.121995 0.00154807 1
0.800000000000001 0.919033 0.0799481 0.00101908 1
0.900000000000001 0.947531 0.0516967 0.000772587 1
1 0.966125 0.0332376 0.000637712 1
1.09999999999999 0.978049 0.0213935 0.000557527 1
1.19999999999998 0.98561 0.013882 0.000508333 1
1.29999999999997 0.990369 0.00915347 0.000477927 1
1.39999999999996 0.99335 0.00619093 0.000459191 1
1.49999999999995 0.995212 0.00434051 0.00044775 1
1.59999999999993 0.996372 0.00318713 0.000440873 1
1.69999999999992 0.997094 0.00246932 0.000436848 1
1.79999999999991 0.997542 0.00202322 0.000434604 1
1.8999999999999 0.99782 0.00174639 0.000433472 1
1.99999999999989 0.997992 0.00157495 0.000433032 1
2.09999999999988 0.998098 0.00146911 0.000433025 1
2.19999999999987 0.992651 0.00485994 0.00248921 1
2.29999999999986 0.99555 0.00352321 0.000926974 1
2.39999999999985 0.996759 0.00268553 0.000555814 1
2.49999999999984 0.997369 0.00216368 0.00046689 1
2.59999999999982 0.997715 0.00183947 0.000445186 1
2.69999999999981 0.989427 0.00643043 0.00414226 1
2.7999999999998 0.99416 0.00451527 0.00132484 1
2.89999999999979 0.996036 0.00330926 0.000654819 1
2.99999999999978 0.996949 0.00255641 0.000494513 1
3.09999999999977 0.997457 0.00208803 0.000455419 1
3.19999999999976 0.997757 0.00179725 0.000445566 1
3.29999999999975 0.99794 0.00161712 0.000443046 1
3.39999999999974 0.990406 0.00578071 0.0038128 1
3.49999999999973 0.864226 0.0522882 0.0834859 1
3.59999999999971 0.721807 0.110223 0.16797 1
3.6999999999997 0.515882 0.196992 0.287126 1
3.79999999999969 0.729566 0.173834 0.0966005 1
3.89999999999968 0.84686 0.125941 0.0271997 1
3.99999999999967 0.908035 0.0844326 0.00753274 1
4.0999999999997 0.94262 0.0549809 0.00239941 1
4.19999999999974 0.963503 0.0354376 0.00105916 1
4.29999999999977 0.976484 0.0228323 0.000683838 1
4.3999999999998 0.942065 0.0556008 0.00233425 1
4.49999999999984 0.597555 0.35507 0.0473751 1
4.59999999999987 0.373219 0.550534 0.0762478 1
4.6999999999999 0.509142 0.464266 0.0265914 1
4.79999999999994 0.29668 0.662918 0.0404016 1
4.89999999999997 0.151602 0.79824 0.0501577 1
5 0.23374 0.745082 0.0211776 1
5.10000000000004 0.335351 0.654538 0.0101108 1
5.20000000000007 0.451274 0.542948 0.00577863 1
5.3000000000001 0.0795674 0.889135 0.0312979 1
5.40000000000014 0.130351 0.854343 0.0153056 1
5.50000000000017 0.200589 0.790402 0.0090092 1
5.6000000000002 0.0979158 0.88769 0.0143946 1
5.70000000000024 0.1554 0.835626 0.00897438 1
5.80000000000027 0.233555 0.759827 0.00661741 1
5.90000000000031 0.0302273 0.928156 0.041617 1
6.00000000000034 0.0566281 0.923457 0.0199151 1
6.10000000000037 0.00321839 0.862973 0.133809 1
6.20000000000041 0.000800576 0.147066 0.852134 1
6.30000000000044 0.00192617 0.0701109 0.927963 1
6.40000000000047 0.012693 0.165378 0.821929 1
6.50000000000051 0.046284 0.330185 0.623531 1
6.60000000000054 0.0218617 0.348766 0.629372 1
6.70000000000057 0.0112256 0.363018 0.625757 1
6.80000000000061 0.0358002 0.580958 0.383242 1
6.90000000000064 0.00156299 0.203007 0.79543 1
7.00000000000067 0.00365996 0.21244 0.7839 1
7.10000000000071 0.00100193 0.103825 0.895173 1
7.20000000000074 0.00154965 0.11009 0.888361 1
7.30000000000077 0.000118428 0.00914662 0.990735 1
7.40000000000081 0.00539359 0.0268952 0.967711 1
7.50000000000084 0.00546506 0.0310232 0.963512 1
7.60000000000087 0.0261997 0.0786074 0.895193 1
7.70000000000091 0.0948249 0.171238 0.733937 1
7.80000000000094 0.00352766 0.0408837 0.955589 1
7.90000000000097 0.00186563 0.019746 0.978388 1
8.00000000000101 0.000201122 0.00178974 0.998009 1
8.10000000000095 0.00311648 0.0046914 0.992192 1
8.20000000000089 0.0173735 0.0154239 0.967203 1
8.30000000000084 0.00997505 0.0185528 0.971472 1
8.40000000000078 0.0053106 0.0211456 0.973544 1
8.50000000000073 0.00108813 0.00186307 0.997049 1
8.60000000000067 0.00912337 0.00827968 0.982597 1
8.70000000000062 0.00274665 0.00590964 0.991344 1
8.80000000000056 0.00292482 0.00831218 0.988763 1
8.90000000000051 0.0164879 0.0244448 0.959067 1
9.00000000000045 0.0671545 0.0611763 0.871669 1
9.1000000000004 0.00592931 0.0309695 0.963101 1
9.20000000000034 0.0066225 0.0355966 0.957781 1
9.30000000000028 0.000617489 0.00748562 0.991897 1
9.40000000000023 0.00129433 0.009592 0.989114 1
9.50000000000017 0.00987296 0.0277154 0.962412 1
9.60000000000012 0.00612978 0.0312276 0.962643 1
9.70000000000006 0.0284814 0.0787805 0.892738 1
9.80000000000001 0.017737 0.0864987 0.895764 1
9.89999999999995 0.00995647 0.0931767 0.896867 1
9.9999999999999 0.00192435 0.0441217 0.953954 1
10.0999999999998 0.00160054 0.0478445 0.950555 1
10.1999999999998 0.00125525 0.0227736 0.975971 1
10.2999999999997 0.00084399 0.00515404 0.994002 1
10.3999999999997 0.00791872 0.0165027 0.975579 1
10.4999999999996 0.00275395 0.00538544 0.991861 1
10.5999999999996 0.000841033 0.00352941 0.99563 1
10.6999999999995 0.00100562 0.00292628 0.996068 1
10.7999999999995 0.00851502 0.010792 0.980693 1
10.8999999999994 0.0381203 0.0299221 0.931958 1
10.9999999999993 0.00285163 0.0148667 0.982282 1
11.0999999999993 0.000906105 0.00761745 0.991476 1
11.1999999999992 0.000114413 0.0017702 0.998115 1
11.2999999999992 0.00479673 0.00781276 0.987391 1
11.3999999999991 0.0236434 0.0228514 0.953505 1
11.4999999999991 0.000433235 0.00249121 0.997076 1
11.599999999999 0.00109441 0.00264176 0.996264 1
11.699999999999 0.000462777 0.00199604 0.997541 1
11.7999999999989 0.00617051 0.00834 0.985489 1
11.8999999999988 0.00418537 0.0106053 0.985209 1
11.9999999999988 0.00317645 0.0070615 0.989762 1
12.0999999999987 0.00281303 0.00539957 0.991787 1
12.1999999999987 0.00209498 0.00421965 0.993685 1
12.2999999999986 0.0127715 0.0139123 0.973316 1
12.3999999999986 0.00740883 0.0165843 0.976007 1
12.4999999999985 0.00126413 0.00841877 0.990317 1
12.5999999999985 0.000518164 0.00471584 0.994766 1
12.6999999999984 0.00203882 0.00400375 0.993957 1
12.7999999999983 0.00202801 0.00587 0.992102 1
12.8999999999983 0.00060833 0.0036988 0.995693 1
12.9999999999982 0.00664828 0.0125926 0.980759 1
13.0999999999982 0.00458549 0.0151504 0.980264 1
13.1999999999981 0.00555047 0.0187002 0.975749 1
13.2999999999981 0.00567807 0.0222947 0.972027 1
13.399999999998 0.000478686 0.0103636 0.989158 1
13.499999999998 0.00613309 0.0293958 0.964471 1
13.5999999999979 0.00111798 0.0140038 0.984878 1
13.6999999999978 0.00400379 0.0174866 0.97851 1
13.7999999999978 0.0201355 0.0464828 0.933382 1
13.8999999999977 0.00227745 0.0221588 0.975564 1
13.9999999999977 0.00251917 0.0251365 0.972344 1
14.0999999999976 0.00351882 0.0135747 0.982906 1
14.1999999999976 0.0182281 0.036989 0.944783 1
14.2999999999975 0.0119153 0.041785 0.9463 1
14.3999999999975 0.0490349 0.100782 0.850183 1
14.4999999999974 0.00290957 0.0484089 0.948682 1
14.5999999999973 0.0156184 0.118188 0.866194 1
14.6999999999973 0.00342975 0.0568876 0.939683 1
14.7999999999972 0.000803606 0.0265002 0.972696 1
14.8999999999972 0.000999014 0.0128449 0.986156 1
14.9999999999971 0.00810441 0.0354147 0.956481 1
15.0999999999971 0.00358577 0.0180498 0.978364 1
15.199999999997 0.0026788 0.0205705 0.976751 1
15.299999999997 0.00186504 0.0229933 0.975142 1
15.3999999999969 0.0115601 0.0599793 0.928461 1
15.4999999999968 0.00664402 0.0648772 0.928479 1
15.5999999999968 0.000990832 0.0300084 0.969001 1
15.6999999999967 0.000528882 0.0139608 0.98551 1
15.7999999999967 0.000353735 0.00696438 0.992682 1
15.8999999999966 0.000742886 0.00234838 0.996909 1
15.9999999999966 0.0068802 0.00890625 0.984214 1
16.0999999999967 0.00446655 0.0110676 0.984466 1
16.1999999999968 0.00104235 0.00617882 0.992779 1
16.2999999999969 0.00118359 0.00785198 0.990964 1
16.3999999999971 0.00290843 0.0104687 0.986623 1
16.4999999999972 0.000203925 0.00121476 0.998581 1
16.5999999999973 0.000350463 0.000627444 0.999022 1
16.6999999999974 0.000879346 0.00124792 0.997873 1
16.7999999999975 0.000868845 0.000990461 0.998141 1
16.8999999999977 0.00393949 0.00376733 0.992293 1
16.9999999999978 0.00280655 0.00545571 0.991738 1
17.0999999999979 0.0151697 0.0166549 0.968175 1
17.199999999998 0.0622826 0.0428212 0.894896 1
17.2999999999982 0.207937 0.0900751 0.701987 1
17.3999999999983 0.106458 0.107911 0.785631 1
17.4999999999984 0.00645458 0.0552661 0.938279 1
17.5999999999985 0.000357737 0.000827933 0.998814 1
17.6999999999986 0.00164157 0.00171864 0.99664 1
17.7999999999988 0.00174969 0.00239701 0.995853 1
17.8999999999989 0.00143396 0.00140324 0.997163 1
17.999999999999 0.00951784 0.00632644 0.984156 1
18.0999999999991 0.00211824 0.0044632 0.993419 1
18.1999999999993 0.00089618 0.00326272 0.995841 1
18.2999999999994 0.0014429 0.00299147 0.995566 1
18.3999999999995 0.000434721 0.00121808 0.998347 1
18.4999999999996 0.00228899 0.00331276 0.994398 1
18.5999999999997 0.0017301 0.00308871 0.995181 1
18.6999999999999 0.00153061 0.00455673 0.993913 1
18.8 0.00113161 0.00326255 0.995606 1
18.9000000000001 0.00245788 0.00537865 0.992163 1
19.0000000000002 0.00294455 0.00754123 0.989514 1
19.1000000000004 0.0155492 0.0217699 0.962681 1
19.2000000000005 0.0631577 0.0545968 0.882245 1
19.3000000000006 0.0302385 0.0605216 0.90924 1
19.4000000000007 0.0148603 0.0657863 0.919353 1
19.5000000000008 0.00166629 0.0306821 0.967652 1
19.600000000001 0.0104644 0.0780141 0.911522 1
19.7000000000011 0.00662654 0.0838313 0.909542 1
19.8000000000012 0.00136407 0.0390008 0.959635 1
19.9000000000013 0.00931367 0.097321 0.893365 1
20.0000000000015 0.00126629 0.0453144 0.953419 1
20.1000000000016 0.00896401 0.111633 0.879403 1
20.2000000000017 0.00529326 0.118492 0.876214 1
20.3000000000018 0.00063403 0.0551351 0.944231 1
20.4000000000019 0.00662085 0.133563 0.859816 1
20.5000000000021 0.00488175 0.141287 0.853831 1
20.6000000000022 0.00458712 0.149283 0.84613 1
20.7000000000023 0.00303135 0.156977 0.839992 1
20.8000000000024 0.0153131 0.324412 0.660275 1
20.9000000000026 0.0469736 0.535997 0.41703 1
21.0000000000027 0.00243022 0.178798 0.818772 1
21.1000000000028 0.00261633 0.187304 0.81008 1
21.2000000000029 0.0139287 0.372517 0.613554 1
21.300000000003 0.00259117 0.204282 0.793127 1
21.4000000000032 0.0138344 0.397742 0.588423 1
21.5000000000033 0.00929263 0.410956 0.579752 1
21.6000000000034 0.0299785 0.629578 0.340444 1
21.7000000000035 0.0147352 0.645559 0.339706 1
21.8000000000037 0.0131455 0.655475 0.33138 1
21.9000000000038 0.0342762 0.806977 0.158746 1
22.0000000000039 0.067434 0.863889 0.0686769 1
22.100000000004 0.0339325 0.891979 0.0740883 1
22.2000000000041 0.0217666 0.901792 0.0764419 1
22.3000000000043 0.0147772 0.905617 0.0796055 1
22.4000000000044 0.0105578 0.905801 0.0836408 1
22.5000000000045 0.00535874 0.808197 0.186444 1
22.6000000000046 0.0185701 0.898431 0.0829994 1
22.7000000000048 0.0397215 0.923395 0.0368835 1
22.8000000000049 0.0190328 0.934495 0.0464718 1
22.900000000005 0.0131416 0.935271 0.0515872 1
23.0000000000051 0.0305926 0.944991 0.024416 1
23.1000000000052 0.018465 0.951169 0.0303661 1
23.2000000000054 0.0387048 0.945187 0.0161079 1
23.3000000000055 0.0189829 0.954963 0.0260542 1
23.4000000000056 0.00971902 0.923574 0.0667068 1
23.5000000000057 0.0252553 0.944238 0.0305063 1
23.6000000000059 0.0138639 0.94729 0.0388459 1
23.700000000006 0.00859049 0.943945 0.0474649 1
23.8000000000061 0.0233184 0.953795 0.0228871 1
23.9000000000062 0.0164518 0.955502 0.028046 1
24.0000000000063 0.00800294 0.919169 0.0728282 1
24.1000000000065 0.0225285 0.944447 0.0330246 1
24.2000000000066 0.00231166 0.793041 0.204647 1
24.3000000000067 0.00530928 0.793197 0.201494 1
24.4000000000068 0.00497038 0.794299 0.20073 1
24.500000000007 0.0179547 0.89216 0.0898856 1
24.6000000000071 0.0129056 0.894578 0.0925163 1
24.7000000000072 0.0306891 0.928333 0.0409776 1
24.8000000000073 0.0579683 0.922029 0.0200027 1
24.9000000000074 0.0046703 0.864476 0.130854 1
25.0000000000076 0.00661028 0.862015 0.131375 1
25.1000000000077 0.00208598 0.721001 0.276913 1
25.2000000000078 0.0127744 0.858004 0.129221 1
25.3000000000079 0.0308944 0.912501 0.0566046 1
25.4000000000081 0.020703 0.919774 0.0595228 1
25.5000000000082 0.0141518 0.922118 0.0637304 1
25.6000000000083 0.0323867 0.938383 0.02923 1
25.7000000000084 0.00415585 0.903232 0.0926123 1
25.8000000000085 0.0163273 0.942388 0.0412852 1
25.9000000000087 0.0156513 0.940279 0.0440696 1
26.0000000000088 0.034531 0.944015 0.0214542 1
26.1000000000089 0.0188223 0.952204 0.0289739 1
26.200000000009 0.0158904 0.951183 0.0329262 1
26.3000000000092 0.0143522 0.948822 0.0368257 1
26.4000000000093 0.00222982 0.890252 0.107518 1
26.5000000000094 0.00234991 0.762759 0.234892 1
26.6000000000095 0.00645824 0.764224 0.229318 1
26.7000000000096 0.0207555 0.875319 0.103925 1
26.8000000000098 0.0437063 0.910788 0.0455054 1
26.9000000000099 0.0781847 0.900275 0.0215406 1
27.00000000001 0.00996022 0.917685 0.0723547 1
27.1000000000101 0.0257405 0.941455 0.0328044 1
27.2000000000103 0.0501283 0.932903 0.0169686 1
27.3000000000104 0.0281263 0.949537 0.0223368 1
27.4000000000105 0.0535636 0.933456 0.0129802 1
27.5000000000106 0.0916137 0.899137 0.00924888 1
27.6000000000107 0.0475427 0.938313 0.0141444 1
27.7000000000109 0.0261315 0.953573 0.0202953 1
27.800000000011 0.00916113 0.935706 0.0551329 1
27.9000000000111 0.024339 0.949733 0.0259282 1
28.0000000000112 0.0478179 0.937799 0.0143827 1
28.1000000000114 0.08313 0.907049 0.00982102 1
28.2000000000115 0.043234 0.941755 0.0150112 1
28.3000000000116 0.0762897 0.913612 0.0100982 1
28.4000000000117 0.0347622 0.944184 0.0210538 1
28.5000000000118 0.0188674 0.952433 0.0286999 1
28.600000000012 0.0159343 0.951384 0.0326819 1
28.7000000000121 0.034859 0.948072 0.0170694 1
28.8000000000122 0.0180162 0.955893 0.0260913 1
28.9000000000123 0.0380207 0.94745 0.014529 1
29.0000000000125 0.0684245 0.9216 0.00997534 1
29.1000000000126 0.113305 0.87866 0.00803526 1
29.2000000000127 0.176853 0.816165 0.00698257 1
29.3000000000128 0.26168 0.732166 0.00615448 1
29.4000000000129 0.128468 0.85753 0.014002 1
29.5000000000131 0.198303 0.792745 0.00895191 1
29.6000000000132 0.0932449 0.888 0.0187551 1
29.7000000000133 0.0464399 0.928803 0.0247569 1
29.8000000000134 0.0815133 0.904805 0.0136821 1
29.9000000000136 0.00353864 0.889152 0.10731 1
30.0000000000137 0.00970483 0.883947 0.106348 1
30.1000000000138 0.011095 0.882404 0.106501 1
30.2000000000139 0.011968 0.88151 0.106522 1
30.300000000014 0.0293537 0.923744 0.0469027 1
30.4000000000142 0.0202341 0.929595 0.0501705 1
30.5000000000143 0.0419026 0.934322 0.0237752 1
30.6000000000144 0.0746333 0.911993 0.0133736 1
30.7000000000145 0.0361917 0.942577 0.0212311 1
30.8000000000147 0.0219084 0.951488 0.0266032 1
30.9000000000148 0.0440941 0.941223 0.0146825 1
31.0000000000149 0.0775911 0.912427 0.00998199 1
31.100000000015 0.0363765 0.944291 0.0193321 1
31.2000000000151 0.0661089 0.922108 0.0117833 1
31.3000000000153 0.11005 0.88123 0.00871961 1
31.4000000000154 0.0501675 0.930611 0.0192217 1
31.5000000000155 0.0868779 0.901527 0.0115952 1
31.6000000000156 0.140033 0.851496 0.00847129 1
31.7000000000158 0.0635793 0.916547 0.0198732 1
31.8000000000159 0.106805 0.881502 0.011693 1
31.900000000016 0.0145459 0.943042 0.0424118 1
32.0000000000161 0.00837564 0.939764 0.0518603 1
32.1000000000159 0.0230929 0.952242 0.0246651 1
32.2000000000157 0.0160368 0.953877 0.0300866 1
32.3000000000154 0.0350119 0.948899 0.0160888 1
32.4000000000152 0.01724 0.95621 0.0265495 1
32.500000000015 0.0368438 0.94843 0.0147263 1
32.6000000000147 0.0666768 0.923249 0.0100744 1
32.7000000000145 0.00347537 0.913471 0.0830541 1
32.8000000000143 0.0152504 0.947387 0.0373627 1
32.900000000014 0.0338737 0.947233 0.0188936 1
33.0000000000138 0.0183864 0.95479 0.0268239 1
33.1000000000136 0.00370652 0.916306 0.0799872 1
33.2000000000133 0.00541929 0.910136 0.0844444 1
33.3000000000131 0.00765597 0.90536 0.0869844 1
33.4000000000129 0.0102183 0.901653 0.0881286 1
33.5000000000126 0.00648363 0.898673 0.0948431 1
33.6000000000124 0.0202322 0.937596 0.0421717 1
33.7000000000122 0.0417744 0.937552 0.0206731 1
33.8000000000119 0.0743404 0.91343 0.0122299 1
33.9000000000117 0.038469 0.943547 0.0179839 1
34.0000000000115 0.0692491 0.919483 0.0112676 1
34.1000000000112 0.114612 0.876874 0.00851403 1
34.200000000011 0.178731 0.814107 0.00716178 1
34.3000000000108 0.264147 0.729627 0.0062261 1
34.4000000000105 0.369304 0.62534 0.00535556 1
34.5000000000103 0.486838 0.508692 0.00446937 1
34.6000000000101 0.280289 0.710061 0.00964996 1
34.7000000000098 0.388878 0.604768 0.00635427 1
34.8000000000096 0.205289 0.779301 0.0154102 1
34.9000000000094 0.0300258 0.918737 0.0512377 1
35.0000000000091 0.00787594 0.868999 0.123125 1
35.1000000000089 0.0226847 0.923146 0.0541693 1
35.2000000000087 0.0107188 0.863482 0.1258 1
35.3000000000084 0.0274701 0.91731 0.0552198 1
35.4000000000082 0.0534052 0.920972 0.0256228 1
35.500000000008 0.0920257 0.894038 0.0139362 1
35.6000000000077 0.14756 0.843165 0.00927418 1
35.7000000000075 0.0713825 0.912967 0.0156509 1
35.8000000000073 0.117991 0.871925 0.010084 1
35.900000000007 0.183553 0.808757 0.00768975 1
36.0000000000068 0.270427 0.723197 0.00637598 1
36.1000000000066 0.135925 0.851916 0.0121591 1
36.2000000000063 0.0618351 0.914851 0.0233136 1
36.3000000000061 0.104437 0.882578 0.0129847 1
36.4000000000059 0.0470962 0.928505 0.0243989 1
36.5000000000056 0.0247884 0.943963 0.0312489 1
36.6000000000054 0.0486689 0.934914 0.0164169 1
36.7000000000052 0.0277891 0.950548 0.0216632 1
36.8000000000049 0.00423472 0.927028 0.0687374 1
36.9000000000047 0.00301539 0.836981 0.160004 1
37.0000000000045 0.00505093 0.835117 0.159832 1
37.1000000000042 0.0180226 0.911335 0.0706425 1
37.200000000004 0.0387448 0.929314 0.0319416 1
37.3000000000038 0.0701497 0.913361 0.0164888 1
37.4000000000035 0.0125109 0.938135 0.049354 1
37.5000000000033 0.00313742 0.869865 0.126998 1
37.6000000000031 0.00485711 0.866145 0.128998 1
37.7000000000028 0.017615 0.925538 0.0568468 1
37.8000000000026 0.0378807 0.935664 0.0264551 1
37.9000000000024 0.0686445 0.91692 0.0144354 1
38.0000000000021 0.113926 0.876404 0.00966977 1
38.1000000000019 0.177902 0.814519 0.00757914 1
38.2000000000017 0.0875374 0.899454 0.0130082 1
38.3000000000014 0.141098 0.849918 0.00898395 1
38.4000000000012 0.214874 0.777996 0.00713065 1
38.500000000001 0.100735 0.880663 0.0186022 1
38.6000000000007 0.0452013 0.924427 0.0303714 1
38.7000000000005 0.0798976 0.904292 0.0158105 1
38.8000000000003 0.0148909 0.936559 0.0485506 1
38.9 0.009734 0.934649 0.0556173 1
38.9999999999998 0.00876513 0.93054 0.060695 1
39.0999999999996 0.00203528 0.710299 0.287666 1
39.1999999999993 0.0126433 0.852239 0.135118 1
39.2999999999991 0.0307777 0.910013 0.0592089 1
39.3999999999989 0.0586868 0.914195 0.0271178 1
39.4999999999986 0.0999711 0.885603 0.0144257 1
39.5999999999984 0.0142281 0.935172 0.0505996 1
39.6999999999982 0.0129024 0.933076 0.0540214 1
39.7999999999979 0.0141325 0.929761 0.0561069 1
39.8999999999977 0.0129112 0.927911 0.0591781 1
39.9999999999975 0.0304022 0.942129 0.0274691 1
40.0999999999972 0.0572312 0.927862 0.0149065 1
40.199999999997 0.0971829 0.892871 0.00994614 1
40.2999999999968 0.154537 0.837654 0.00780972 1
40.3999999999965 0.0766405 0.910467 0.0128923 1
40.4999999999963 0.125436 0.865528 0.00903666 1
40.5999999999961 0.0628693 0.923046 0.0140852 1
40.6999999999958 0.0130385 0.943257 0.0437049 1
40.7999999999956 0.0304411 0.948179 0.0213804 1
40.8999999999954 0.017972 0.954008 0.0280204 1
40.9999999999951 0.00489533 0.919509 0.0755953 1
41.0999999999949 0.0175421 0.948201 0.0342567 1
41.1999999999947 0.0104206 0.946758 0.0428209 1
41.2999999999944 0.0074433 0.941725 0.050832 1
41.3999999999942 0.021577 0.954154 0.0242692 1
41.499999999994 0.0435351 0.942662 0.013803 1
41.5999999999937 0.0767233 0.91361 0.00966719 1
41.6999999999935 0.0369751 0.945242 0.0177833 1
41.7999999999933 0.0100054 0.940719 0.0492755 1
41.899999999993 0.00145824 0.73536 0.263181 1
41.9999999999928 0.00156184 0.533945 0.464493 1
42.0999999999926 0.0112989 0.740515 0.248186 1
42.1999999999924 0.00839997 0.746711 0.244889 1
42.2999999999921 0.024336 0.86396 0.111704 1
42.3999999999919 0.0497223 0.901613 0.048665 1
42.4999999999917 0.0875296 0.889804 0.0226668 1
42.5999999999914 0.0425208 0.927726 0.0297533 1
42.6999999999912 0.0757937 0.908603 0.0156032 1
42.799999999991 0.0364239 0.939848 0.0237283 1
42.8999999999907 0.0219017 0.949058 0.0290407 1
42.9999999999905 0.0441149 0.940285 0.0156004 1
43.0999999999903 0.0776535 0.912028 0.0103182 1
43.19999999999 0.00212813 0.824285 0.173587 1
43.2999999999898 0.0128996 0.909964 0.0771365 1
43.3999999999896 0.00907229 0.908741 0.0821863 1
43.4999999999893 0.024364 0.938801 0.036835 1
43.5999999999891 0.0480934 0.933369 0.0185371 1
43.6999999999889 0.00225966 0.864988 0.132752 1
43.7999999999886 0.00362815 0.860805 0.135567 1
43.8999999999884 0.00391154 0.857321 0.138768 1
43.9999999999882 0.0159702 0.922852 0.0611781 1
44.0999999999879 0.0138317 0.922306 0.063862 1
44.1999999999877 0.0318903 0.938812 0.0292981 1
44.2999999999875 0.0595375 0.924901 0.015562 1
44.3999999999872 0.100601 0.889248 0.0101504 1
44.499999999987 0.159353 0.832802 0.00784551 1
44.5999999999868 0.074804 0.90883 0.0163659 1
44.6999999999865 0.0103736 0.931621 0.0580053 1
44.7999999999863 0.0262827 0.946683 0.0270346 1
44.8999999999861 0.0160739 0.950468 0.0334576 1
44.9999999999858 0.00986989 0.94822 0.0419098 1
45.0999999999856 0.00831728 0.943326 0.048357 1
45.1999999999854 0.0229225 0.953817 0.0232603 1
45.2999999999851 0.0455638 0.941048 0.0133882 1
45.3999999999849 0.00977279 0.948721 0.0415062 1
45.4999999999847 0.0251953 0.954249 0.0205558 1
45.5999999999844 0.0490117 0.938645 0.0123437 1
45.6999999999842 0.0848257 0.90611 0.00906397 1
45.799999999984 0.041757 0.942332 0.0159114 1
45.8999999999837 0.00190968 0.775892 0.222198 1
45.9999999999835 0.0124118 0.886928 0.100661 1
46.0999999999833 0.00354122 0.776707 0.219752 1
46.199999999983 0.00805478 0.777901 0.214044 1
46.2999999999828 0.00114902 0.592087 0.406764 1
46.3999999999826 0.0105101 0.781829 0.207661 1
46.4999999999823 0.0277635 0.879362 0.0928743 1
46.5999999999821 0.0163113 0.88725 0.096439 1
46.6999999999819 0.0362864 0.921212 0.0425016 1
46.7999999999816 0.0666748 0.912818 0.0205074 1
46.8999999999814 0.111362 0.876763 0.0118747 1
46.9999999999812 0.174533 0.817108 0.00835887 1
47.0999999999809 0.0846979 0.900753 0.014549 1
47.1999999999807 0.137115 0.853347 0.00953789 1
47.2999999999805 0.0645153 0.917868 0.0176168 1
47.3999999999802 0.032112 0.943004 0.0248836 1
47.49999999998 0.0597174 0.926406 0.0138769 1
47.5999999999798 0.100751 0.889733 0.00951685 1
47.6999999999795 0.0179317 0.951176 0.030892 1
47.7999999999793 0.0019189 0.82112 0.176961 1
47.8999999999791 0.00706406 0.819605 0.173331 1
47.9999999999788 0.0214404 0.901837 0.0767231 1
48.0999999999786 0.0442287 0.921507 0.0342646 1
48.1999999999784 0.078509 0.904242 0.0172489 1
48.2999999999781 0.128386 0.861052 0.0105627 1
48.3999999999779 0.020655 0.944526 0.0348192 1
48.4999999999777 0.0422103 0.940002 0.0177875 1
48.5999999999774 0.0748156 0.914071 0.011113 1
48.6999999999772 0.122629 0.868993 0.00837809 1
48.799999999977 0.0580902 0.9259 0.01601 1
48.8999999999767 0.03193 0.946948 0.0211216 1
48.9999999999765 0.0194623 0.953673 0.0268645 1
49.0999999999763 0.0151416 0.953329 0.0315293 1
49.199999999976 0.00587583 0.9102 0.0839243 1
49.2999999999758 0.0190563 0.943346 0.0375979 1
49.3999999999756 0.0397404 0.941389 0.0188703 1
49.4999999999753 0.00967906 0.936047 0.0542739 1
49.5999999999751 0.025068 0.949398 0.0255344 1
49.6999999999749 0.0175116 0.952208 0.0302803 1
49.7999999999746 0.00873834 0.914626 0.0766352 1
49.8999999999744 0.0236882 0.941781 0.0345305 1
49.9999999999742 0.0469091 0.935469 0.0176215 1
50.0999999999739 0.0818533 0.907154 0.010993 1
50.1999999999737 0.13275 0.858983 0.00826715 1
50.2999999999735 0.203499 0.789584 0.00691716 1
50.3999999999732 0.29562 0.6984 0.00598016 1
50.499999999973 0.405791 0.589087 0.00512255 1
50.5999999999728 0.52485 0.470874 0.00427589 1
50.6999999999725 0.100057 0.867346 0.0325976 1
50.7999999999723 0.160488 0.823629 0.0158824 1
50.8999999999721 0.241523 0.749143 0.00933352 1
50.9999999999718 0.0333749 0.92727 0.0393551 1
51.0999999999716 0.0620247 0.91866 0.0193151 1
51.1999999999714 0.104402 0.884142 0.0114558 1
51.2999999999711 0.04838 0.930985 0.0206349 1
51.3999999999709 0.0232733 0.946667 0.0300601 1
51.4999999999707 0.0461468 0.937944 0.0159088 1
51.5999999999704 0.0806175 0.909027 0.0103558 1
51.6999999999702 0.0404991 0.94296 0.016541 1
51.79999999997 0.0721409 0.917218 0.0106413 1
51.8999999999697 0.118686 0.873108 0.00820612 1
51.9999999999695 0.0594832 0.927277 0.01324 1
52.0999999999693 0.100316 0.890432 0.00925226 1
52.199999999969 0.158818 0.833693 0.00748802 1
52.2999999999688 0.238227 0.755316 0.00645752 1
52.3999999999686 0.338371 0.656021 0.00560814 1
52.4999999999683 0.173896 0.812997 0.0131075 1
52.5999999999681 0.0223394 0.926587 0.0510734 1
52.6999999999679 0.0121761 0.928995 0.0588288 1
52.7999999999676 0.0120231 0.926438 0.0615387 1
52.8999999999674 0.00821804 0.923831 0.0679514 1
52.9999999999672 0.0227274 0.946279 0.0309934 1
53.0999999999669 0.0452849 0.938461 0.0162544 1
53.1999999999667 0.0236689 0.952789 0.0235423 1
53.2999999999665 0.0126562 0.954353 0.0329911 1
53.3999999999662 0.0295427 0.953307 0.0171505 1
53.499999999966 0.055477 0.933566 0.0109568 1
53.5999999999658 0.0319019 0.952609 0.0154889 1
53.6999999999655 0.0170981 0.959021 0.0238805 1
53.7999999999653 0.0363873 0.949998 0.0136146 1
53.8999999999651 0.0210555 0.959091 0.0198531 1
53.9999999999648 0.0121189 0.959267 0.0286138 1
54.0999999999646 0.0120623 0.954923 0.0330145 1
54.1999999999644 0.0285878 0.954254 0.0171582 1
54.2999999999642 0.0170287 0.959077 0.0238942 1
54.3999999999639 0.0114592 0.957505 0.0310353 1
54.4999999999637 0.0128821 0.952552 0.0345658 1
54.5999999999635 0.00369552 0.902819 0.0934858 1
54.6999999999632 0.00508236 0.792363 0.202555 1
54.799999999963 0.00769544 0.793889 0.198415 1
54.8999999999628 0.0108079 0.795859 0.193333 1
54.9999999999625 0.00731082 0.79952 0.193169 1
55.0999999999623 0.00753126 0.801803 0.190665 1
55.1999999999621 0.00990728 0.803657 0.186436 1
55.2999999999618 0.0113368 0.806313 0.18235 1
55.3999999999616 0.00852478 0.810012 0.181463 1
55.4999999999614 0.0099408 0.812051 0.178008 1
55.5999999999611 0.00077522 0.426248 0.572977 1
55.6999999999609 0.00875611 0.654086 0.337158 1
55.7999999999607 0.00676996 0.662384 0.330846 1
55.8999999999604 0.00865252 0.669518 0.321829 1
55.9999999999602 0.0251496 0.821173 0.153677 1
56.09999999996 0.0518693 0.881348 0.0667829 1
56.1999999999597 0.0914902 0.878967 0.0295428 1
56.2999999999595 0.147917 0.837255 0.0148279 1
56.3999999999593 0.00839066 0.874798 0.116811 1
56.499999999959 0.0232012 0.9255 0.0512986 1
56.5999999999588 0.0177328 0.928394 0.0538735 1
56.6999999999586 0.0100221 0.92836 0.0616184 1
56.7999999999583 0.0255021 0.94613 0.0283678 1
56.8999999999581 0.0494474 0.935377 0.0151754 1
56.9999999999579 0.0105938 0.944448 0.0449587 1
57.0999999999576 0.00679497 0.939596 0.0536091 1
57.1999999999574 0.0202526 0.954507 0.0252404 1
57.2999999999572 0.00278578 0.839312 0.157902 1
57.3999999999569 0.0137551 0.916494 0.0697509 1
57.4999999999567 0.0118542 0.915769 0.0723766 1
57.5999999999565 0.0285254 0.938833 0.0326417 1
57.6999999999562 0.0038161 0.899012 0.0971718 1
57.799999999956 0.00875986 0.894123 0.097117 1
57.8999999999558 0.0236531 0.933439 0.0429075 1
57.9999999999555 0.00960389 0.887579 0.102817 1
58.0999999999553 0.00848049 0.886556 0.104964 1
58.1999999999551 0.00169171 0.576158 0.422151 1
58.2999999999548 0.00145415 0.362084 0.636462 1
58.3999999999546 0.00390077 0.372834 0.623265 1
58.4999999999544 0.0031186 0.383655 0.613226 1
58.5999999999541 0.0143756 0.611377 0.374248 1
58.6999999999539 0.0370362 0.778445 0.184519 1
58.7999999999537 0.0728259 0.846995 0.0801793 1
58.8999999999534 0.0352112 0.878391 0.0863983 1
58.9999999999532 0.0662204 0.896056 0.037724 1
59.099999999953 0.111535 0.870325 0.0181397 1
59.1999999999527 0.175251 0.814264 0.010485 1
59.2999999999525 0.0825617 0.898533 0.0189049 1
59.3999999999523 0.134205 0.854773 0.011022 1
59.499999999952 0.205697 0.786509 0.0077943 1
59.5999999999518 0.0994771 0.885962 0.0145612 1
59.6999999999516 0.0470969 0.93066 0.0222426 1
59.7999999999513 0.0221465 0.945619 0.032234 1
59.8999999999511 0.0165282 0.947334 0.036138 1
59.9999999999509 0.0114531 0.946462 0.0420846 1
60.0999999999506 0.0275349 0.951873 0.0205923 1
60.1999999999504 0.00454213 0.863349 0.132109 1
60.2999999999502 0.00600139 0.724214 0.269785 1
60.3999999999499 0.00846986 0.728978 0.262552 1
60.4999999999497 0.00508366 0.533686 0.461231 1
60.5999999999495 0.0185738 0.736341 0.245085 1
60.6999999999492 0.0424221 0.846696 0.110882 1
60.799999999949 0.0785853 0.873849 0.0475652 1
60.8999999999488 0.0354279 0.906713 0.0578594 1
60.9999999999485 0.0200835 0.917599 0.0623177 1
61.0999999999483 0.00554213 0.844939 0.149519 1
61.1999999999481 0.0183731 0.915859 0.0657676 1
61.2999999999478 0.0388143 0.931401 0.0297848 1
61.3999999999476 0.0219343 0.942921 0.0351446 1
61.4999999999474 0.0439045 0.93836 0.0177355 1
61.5999999999471 0.0771036 0.911971 0.0109256 1
61.6999999999469 0.0112972 0.945265 0.043438 1
61.7999999999467 0.0272407 0.951666 0.0210938 1
61.8999999999464 0.0518227 0.935841 0.0123363 1
61.9999999999462 0.0252447 0.95382 0.0209357 1
62.099999999946 0.0164632 0.957158 0.0263789 1
62.1999999999457 0.0351883 0.950366 0.0144462 1
62.2999999999455 0.0637827 0.926442 0.0097753 1
62.3999999999453 0.106249 0.885918 0.00783261 1
62.499999999945 0.0146728 0.952746 0.032581 1
62.5999999999448 0.0127203 0.950527 0.0367531 1
62.6999999999446 0.0130416 0.947053 0.0399057 1
62.7999999999443 0.00106554 0.766951 0.231984 1
62.8999999999441 0.0104001 0.884056 0.105544 1
62.9999999999439 0.0262564 0.927411 0.046333 1
63.0999999999436 0.0508466 0.927196 0.0219572 1
63.1999999999434 0.0876684 0.899937 0.0123945 1
63.2999999999432 0.140979 0.85044 0.0085812 1
63.3999999999429 0.02032 0.944614 0.0350659 1
63.4999999999427 0.0136595 0.946038 0.0403025 1
63.5999999999425 0.00842433 0.943291 0.0482844 1
63.6999999999422 0.0226192 0.954376 0.0230048 1
63.799999999942 0.0128135 0.95615 0.0310369 1
63.8999999999418 0.00634829 0.915233 0.0784185 1
63.9999999999415 0.008642 0.911191 0.0801671 1
64.099999999942 0.0107757 0.90817 0.0810539 1
64.1999999999425 0.00458858 0.812342 0.18307 1
64.299999999943 0.00499063 0.812917 0.182092 1
64.3999999999434 0.00669529 0.813835 0.17947 1
64.4999999999439 0.00478758 0.6483 0.346912 1
64.5999999999444 0.0174342 0.81359 0.168976 1
64.6999999999449 0.0148466 0.819228 0.165926 1
64.7999999999454 0.00314036 0.665721 0.331139 1
64.8999999999458 0.0141399 0.826117 0.159743 1
64.9999999999463 0.0330555 0.897005 0.0699394 1
65.0999999999468 0.0620987 0.906832 0.0310693 1
65.1999999999473 0.0310532 0.931644 0.0373029 1
65.2999999999477 0.0580093 0.923622 0.0183688 1
65.3999999999482 0.0280652 0.945576 0.0263586 1
65.4999999999487 0.0530968 0.93266 0.0142435 1
65.5999999999492 0.0906043 0.899906 0.00948962 1
65.6999999999497 0.01103 0.9447 0.0442701 1
65.7999999999501 0.0266681 0.951984 0.0213481 1
65.8999999999506 0.0508078 0.936829 0.012363 1
65.9999999999511 0.0870956 0.904093 0.00881173 1
66.0999999999516 0.041287 0.942191 0.0165219 1
66.199999999952 0.0729663 0.916615 0.0104186 1
66.2999999999525 0.0377244 0.946645 0.0156304 1
66.399999999953 0.0675347 0.92235 0.0101157 1
66.4999999999535 0.111651 0.88049 0.00785873 1
66.599999999954 0.0513547 0.931696 0.0169495 1
66.6999999999544 0.0880962 0.901426 0.0104777 1
66.7999999999549 0.141366 0.850798 0.00783657 1
66.8999999999554 0.0693749 0.917732 0.0128928 1
66.9999999999559 0.0353462 0.946059 0.0185948 1
67.0999999999563 0.063989 0.924787 0.0112241 1
67.1999999999568 0.0304955 0.949927 0.0195771 1
67.2999999999573 0.0184932 0.95651 0.0249966 1
67.3999999999578 0.0381393 0.948066 0.0137951 1
67.4999999999582 0.023753 0.958149 0.0180982 1
67.5999999999587 0.046173 0.942691 0.0111358 1
67.6999999999592 0.0256277 0.957802 0.01657 1
67.7999999999597 0.049023 0.940435 0.0105423 1
67.8999999999602 0.0235056 0.956838 0.019656 1
67.9999999999606 0.00805018 0.938591 0.0533593 1
68.0999999999611 0.0218585 0.953216 0.0249253 1
68.1999999999616 0.0174923 0.954266 0.0282419 1
68.2999999999621 0.0365843 0.948395 0.0150207 1
68.3999999999625 0.0177027 0.95754 0.0247571 1
68.499999999963 0.0368541 0.949458 0.0136883 1
68.5999999999635 0.0660694 0.924573 0.00935763 1
68.699999999964 0.0305098 0.950464 0.0190264 1
68.7999999999645 0.0565426 0.932064 0.0113937 1
68.8999999999649 0.0100734 0.95023 0.0396967 1
68.9999999999654 0.0249674 0.955521 0.0195113 1
69.0999999999659 0.0181247 0.958423 0.0234523 1
69.1999999999664 0.0158489 0.957336 0.0268156 1
69.2999999999668 0.00407849 0.923409 0.0725121 1
69.3999999999673 0.00402116 0.917316 0.0786628 1
69.4999999999678 0.0153225 0.949492 0.0351851 1
69.5999999999683 0.0332094 0.949112 0.0176788 1
69.6999999999688 0.0605994 0.928555 0.0108456 1
69.7999999999692 0.101413 0.890479 0.008108 1
69.8999999999697 0.159962 0.833188 0.00684987 1
69.9999999999702 0.0201362 0.942187 0.0376772 1
70.0999999999707 0.00124733 0.61107 0.387682 1
70.1999999999711 0.0100261 0.794942 0.195032 1
70.2999999999716 0.0260721 0.887357 0.0865714 1
70.3999999999721 0.0512346 0.910918 0.0378476 1
70.4999999999726 0.0887461 0.893056 0.0181984 1
70.5999999999731 0.14279 0.846675 0.0105348 1
70.6999999999735 0.217079 0.775498 0.00742294 1
70.799999999974 0.312554 0.681516 0.00593007 1
70.8999999999745 0.424953 0.570076 0.00497146 1
70.999999999975 0.544255 0.45155 0.00419486 1
71.0999999999754 0.657677 0.338797 0.003526 1
71.1999999999759 0.754728 0.242298 0.00297358 1
71.2999999999764 0.830549 0.166902 0.00254828 1
71.3999999999769 0.885674 0.112084 0.00224177 1
71.4999999999773 0.923687 0.074281 0.00203215 1
71.5999999999778 0.948952 0.049154 0.00189434 1
71.6999999999783 0.965333 0.0328603 0.00180641 1
71.7999999999788 0.690319 0.245416 0.0642657 1
71.8999999999793 0.802296 0.17841 0.0192934 1
71.9999999999797 0.613182 0.342943 0.0438748 1
72.0999999999802 0.73102 0.25468 0.0143002 1
72.1999999999807 0.8165 0.177932 0.00556793 1
72.2999999999812 0.876749 0.120202 0.00304957 1
72.3999999999816 0.917881 0.0798478 0.00227135 1
72.4999999999821 0.945167 0.0528455 0.00198784 1
72.5999999999826 0.96287 0.0352688 0.00186093 1
72.6999999999831 0.900958 0.087348 0.0116935 1
72.7999999999836 0.937468 0.058222 0.00430993 1
72.899999999984 0.849473 0.135457 0.0150696 1
72.9999999999845 0.903525 0.0911535 0.00532173 1
73.099999999985 0.936756 0.0604733 0.00277033 1
73.1999999999855 0.957679 0.0402396 0.00208142 1
73.2999999999859 0.970906 0.0272193 0.00187432 1
73.3999999999864 0.979242 0.0189585 0.00179974 1
73.4999999999869 0.984469 0.0137633 0.00176731 1
73.5999999999874 0.987734 0.0105146 0.00175153 1
73.6999999999879 0.989765 0.00849143 0.00174389 1
73.7999999999883 0.991024 0.00723568 0.00174077 1
73.8999999999888 0.991801 0.00645891 0.00174035 1
73.9999999999893 0.992278 0.00598051 0.00174158 1
74.0999999999898 0.992568 0.0056877 0.00174384 1
74.1999999999902 0.992743 0.00551028 0.00174673 1
74.2999999999907 0.977472 0.0161901 0.00633753 1
74.3999999999912 0.985041 0.0121011 0.00285793 1
74.4999999999917 0.988448 0.00952153 0.00203059 1
74.5999999999922 0.990253 0.00791309 0.00183384 1
74.6999999999926 0.861567 0.0777349 0.0606984 1
74.7999999999931 0.714676 0.162825 0.122499 1
74.8999999999936 0.500959 0.28729 0.21175 1
74.9999999999941 0.292 0.413495 0.294505 1
75.0999999999945 0.0304353 0.358694 0.61087 1
75.199999999995 0.0167912 0.375203 0.608006 1
75.2999999999955 0.0110377 0.389146 0.599816 1
75.399999999996 0.008041 0.401932 0.590027 1
75.4999999999964 0.00745713 0.414106 0.578437 1
75.5999999999969 0.00150509 0.231884 0.766611 1
75.6999999999974 0.00907358 0.437966 0.552961 1
75.7999999999979 0.0278432 0.654997 0.31716 1
75.8999999999984 0.0609722 0.790333 0.148694 1
75.9999999999988 0.109802 0.827467 0.0627305 1
76.0999999999993 0.0502535 0.877983 0.0717637 1
76.1999999999998 0.0886142 0.880188 0.0311975 1
76.3000000000003 0.0397354 0.918953 0.0413113 1
76.4000000000007 0.0710778 0.909392 0.0195304 1
76.5000000000012 0.117075 0.871888 0.0110361 1
76.6000000000017 0.181917 0.810432 0.00765129 1
76.7000000000022 0.2681 0.725787 0.00611303 1
76.8000000000027 0.37389 0.620919 0.00519093 1
76.9000000000031 0.491631 0.503905 0.00446335 1
77.0000000000036 0.609142 0.387032 0.00382538 1
77.1000000000041 0.383466 0.603627 0.0129071 1
77.2000000000046 0.50364 0.489582 0.00677731 1
77.300000000005 0.621108 0.374442 0.00445033 1
77.4000000000055 0.724615 0.271966 0.00341889 1
77.500000000006 0.509136 0.476995 0.0138688 1
77.6000000000065 0.295553 0.679879 0.0245677 1
77.700000000007 0.409617 0.579398 0.0109857 1
77.8000000000074 0.530266 0.463664 0.00606984 1
77.9000000000079 0.645499 0.35034 0.00416048 1
78.0000000000084 0.744815 0.251906 0.00327906 1
78.1000000000089 0.822945 0.17427 0.00278585 1
78.2000000000093 0.643349 0.342792 0.0138592 1
78.3000000000098 0.41961 0.553626 0.0267637 1
78.4000000000103 0.0666928 0.828315 0.104993 1
78.5000000000108 0.115891 0.840026 0.044083 1
78.6000000000112 0.0545995 0.894365 0.0510358 1
78.7000000000117 0.0941565 0.882864 0.0229794 1
78.8000000000122 0.0153783 0.920954 0.0636679 1
78.9000000000127 0.00938358 0.921874 0.0687423 1
79.0000000000132 0.00981059 0.91983 0.0703594 1
79.1000000000136 0.00601441 0.91735 0.0766357 1
79.2000000000141 0.018027 0.947916 0.0340566 1
79.3000000000146 0.0122826 0.949065 0.0386524 1
79.4000000000151 0.0278877 0.953324 0.0187887 1
79.5000000000155 0.0519728 0.936989 0.0110379 1
79.600000000016 0.00777931 0.953736 0.0384842 1
79.7000000000165 0.020687 0.96054 0.0187733 1
79.800000000017 0.0164644 0.961512 0.022024 1
79.9000000000175 0.0114195 0.96116 0.0274206 1
80.0000000000179 0.0263768 0.959175 0.0144478 1
80.1000000000184 0.0104911 0.951059 0.0384496 1
80.2000000000189 0.00347453 0.897578 0.0989477 1
80.3000000000194 0.0027001 0.597189 0.40011 1
80.4000000000198 0.0124854 0.784585 0.20293 1
80.5000000000203 0.0299495 0.880001 0.0900493 1
80.6000000000208 0.0187554 0.89007 0.0911744 1
80.7000000000213 0.0108666 0.894439 0.094694 1
80.8000000000218 0.026021 0.932619 0.0413604 1
80.9000000000222 0.0144609 0.938729 0.0468099 1
81.0000000000227 0.0134552 0.937903 0.0486415 1
81.1000000000232 0.0297475 0.947633 0.0226195 1
81.2000000000237 0.0548361 0.932758 0.0124058 1
81.3000000000241 0.00417077 0.907932 0.0878968 1
81.4000000000246 0.0148618 0.946451 0.0386867 1
81.5000000000251 0.0318444 0.949457 0.018699 1
81.6000000000256 0.057932 0.931165 0.010903 1
81.7000000000261 0.00387041 0.908916 0.0872132 1
81.8000000000265 0.0143339 0.947269 0.0383976 1
81.900000000027 0.030976 0.950444 0.0185801 1
82.0000000000275 0.0565703 0.932578 0.0108521 1
82.100000000028 0.0949301 0.897258 0.00781198 1
82.2000000000284 0.0438025 0.940551 0.0156461 1
82.3000000000289 0.0231234 0.955788 0.0210884 1
82.4000000000294 0.0162069 0.959029 0.024764 1
82.5000000000299 0.0337197 0.952981 0.013299 1
82.6000000000303 0.0605864 0.930571 0.00884237 1
82.7000000000308 0.100742 0.89222 0.00703756 1
82.8000000000313 0.158535 0.835288 0.00617755 1
82.9000000000318 0.237294 0.7571 0.00560593 1
83.0000000000323 0.00947528 0.929296 0.0612283 1
83.1000000000327 0.00618721 0.926791 0.0670222 1
83.2000000000332 0.0179928 0.951995 0.0300117 1
83.3000000000337 0.0141349 0.952798 0.0330666 1
83.4000000000342 0.00389803 0.910928 0.0851742 1
83.5000000000346 0.00822004 0.906851 0.0849291 1
83.6000000000351 0.0213854 0.941333 0.0372816 1
83.7000000000356 0.00412444 0.897906 0.0979693 1
83.8000000000361 0.00118129 0.596159 0.402659 1
