0 0.333333 0.333333 0.333333 1
0.1 0.404444 0.351111 0.244444 1
0.2 0.473892 0.355674 0.170434 1
0.3 0.195936 0.387297 0.416766 1
0.4 0.0861742 0.30102 0.612806 1
0.5 0.118161 0.35622 0.525619 1
0.6 0.157029 0.409099 0.433872 1
0.7 0.202008 0.454644 0.343347 1
0.8 0.251512 0.488304 0.260184 1
0.9 0.303479 0.507246 0.189274 1
1 0.355908 0.511039 0.133053 1
1.1 0.407285 0.501399 0.091316 1
1.2 0.456727 0.481281 0.061992 1
1.3 0.503857 0.453899 0.0422433 1
1.4 0.54859 0.422084 0.0293253 1
1.5 0.590938 0.388052 0.0210102 1
1.6 0.630909 0.353417 0.0156741 1
1.7 0.668479 0.319308 0.0122135 1
1.8 0.703592 0.286494 0.00991405 1
1.9 0.736186 0.255485 0.00832904 1
2 0.766215 0.226599 0.00718588 1
2.1 0.793664 0.200015 0.00632123 1
2.2 0.502788 0.459633 0.0375784 1
2.3 0.54674 0.426747 0.0265131 1
2.4 0.588593 0.392033 0.0193732 1
2.5 0.628297 0.356946 0.0147566 1
2.6 0.665766 0.32251 0.0117243 1
2.7 0.700895 0.289431 0.00967384 1
2.8 0.733584 0.258186 0.00823016 1
2.9 0.763757 0.229078 0.00716508 1
3 0.46269 0.497134 0.0401766 1
3.1 0.506659 0.464733 0.0286086 1
3.2 0.549126 0.429807 0.0210664 1
3.3 0.589958 0.3939 0.0161423 1
3.4 0.628986 0.358134 0.01288 1
3.5 0.666024 0.323319 0.0106571 1
3.6 0.70089 0.290028 0.00908166 1
3.7 0.733426 0.258662 0.00791237 1
3.8 0.763517 0.22948 0.00700353 1
3.9 0.7911 0.202632 0.00626823 1
4 0.816167 0.178178 0.00565484 1
4.1 0.838765 0.156103 0.00513243 1
4.2 0.572811 0.393627 0.033562 1
4.3 0.615549 0.361158 0.0232925 1
4.4 0.655201 0.328002 0.0167965 1
4.5 0.691921 0.295405 0.0126745 1
4.6 0.379304 0.559921 0.060775 1
4.7 0.423523 0.533749 0.042727 1
4.8 0.467009 0.502283 0.0307081 1
4.9 0.509587 0.467617 0.0227964 1
5 0.551065 0.431351 0.0175844 1
5.1 0.591216 0.394681 0.014103 1
5.2 0.629788 0.358498 0.0117139 1
5.3 0.666525 0.323465 0.0100099 1
5.4 0.701194 0.290068 0.00873793 1
5.5 0.733599 0.258657 0.00774357 1
5.6 0.763603 0.229463 0.00693427 1
5.7 0.791126 0.202619 0.00625488 1
5.8 0.816151 0.178176 0.00567249 1
5.9 0.838716 0.156117 0.00516705 1
5.99999999999999 0.858907 0.136367 0.00472573 1
6.09999999999999 0.876847 0.118813 0.00433971 1
6.19999999999999 0.892686 0.103312 0.00400234 1
6.29999999999999 0.675921 0.2945 0.0295785 1
6.39999999999999 0.71445 0.265736 0.0198139 1
6.49999999999999 0.748613 0.237535 0.0138516 1
6.59999999999999 0.77901 0.210786 0.0102037 1
6.69999999999999 0.806089 0.185976 0.00793503 1
6.79999999999999 0.83019 0.163329 0.0064806 1
6.89999999999999 0.851586 0.142906 0.00550778 1
6.99999999999999 0.593759 0.369525 0.0367156 1
7.09999999999999 0.636653 0.338398 0.0249485 1
7.19999999999999 0.675857 0.306567 0.0175754 1
7.29999999999999 0.711691 0.275346 0.0129635 1
7.39999999999999 0.744393 0.245564 0.0100428 1
7.49999999999999 0.774141 0.217715 0.00814363 1
7.59999999999999 0.801076 0.192064 0.0068596 1
7.69999999999999 0.512266 0.446644 0.0410894 1
7.79999999999999 0.556777 0.414626 0.0285965 1
7.89999999999999 0.598811 0.380615 0.0205735 1
7.99999999999999 0.638393 0.346176 0.0154311 1
8.09999999999999 0.675512 0.312392 0.0120962 1
8.19999999999999 0.710125 0.279998 0.0098776 1
8.29999999999999 0.742186 0.24947 0.00834483 1
8.39999999999999 0.771661 0.221102 0.00723619 1
8.49999999999999 0.798551 0.195053 0.0063953 1
8.59999999999999 0.822893 0.171378 0.0057297 1
8.69999999999999 0.844763 0.150053 0.00518477 1
8.79999999999998 0.864273 0.130999 0.00472792 1
8.89999999999998 0.881565 0.114096 0.00433912 1
8.99999999999998 0.896799 0.0991951 0.00400545 1
9.09999999999998 0.910149 0.0861333 0.003718 1
9.19999999999998 0.92179 0.0747402 0.00347015 1
9.29999999999998 0.931898 0.0648455 0.00325661 1
9.39999999999998 0.940642 0.0562849 0.00307295 1
9.49999999999998 0.792744 0.181592 0.0256639 1
9.59999999999998 0.82267 0.160961 0.016369 1
9.69999999999998 0.847456 0.141585 0.0109596 1
9.79999999999998 0.575864 0.355073 0.069063 1
9.89999999999998 0.625219 0.329987 0.0447938 1
9.99999999999998 0.668905 0.301726 0.0293687 1
10.1 0.707663 0.272522 0.0198155 1
10.2 0.742181 0.243854 0.0139651 1
10.3 0.773008 0.21662 0.0103717 1
10.4 0.800556 0.191318 0.00812601 1
10.5 0.825138 0.168184 0.00667803 1
10.6 0.847008 0.147288 0.00570337 1
10.7 0.866389 0.128597 0.00501383 1
10.8 0.883487 0.112012 0.00450113 1
10.9 0.898503 0.0973944 0.00410297 1
11 0.911631 0.0845859 0.0037831 1
11.1 0.923061 0.0734188 0.00351989 1
11.2 0.932975 0.063725 0.00329994 1
11.3 0.771756 0.201259 0.0269841 1
11.4 0.803652 0.178996 0.0173514 1
11.5 0.830401 0.157902 0.0116964 1
11.6 0.853119 0.138501 0.00838007 1
11.7 0.872594 0.120995 0.00641025 1
11.8 0.629784 0.326114 0.0441017 1
11.9 0.673171 0.297911 0.0289179 1
12 0.711602 0.268867 0.0195306 1
12.1 0.745784 0.240427 0.0137895 1
12.2 0.776273 0.21346 0.0102666 1
12.3 0.803489 0.188445 0.00806606 1
12.4 0.82775 0.165602 0.00664737 1
12.5 0.849315 0.144993 0.00569223 1
12.6 0.868408 0.126576 0.00501625 1
12.7 0.885239 0.110248 0.00451346 1
12.8 0.90001 0.0958672 0.0041229 1
12.9 0.912916 0.0832745 0.00380911 1
13 0.924147 0.0723019 0.00355095 1
13.1 0.933883 0.0627818 0.00333527 1
13.2 0.773939 0.198727 0.0273338 1
13.3 0.805724 0.17673 0.0175462 1
13.4 0.832304 0.155888 0.011808 1
13.5 0.854826 0.136725 0.00844932 1
13.6 0.874098 0.119443 0.00645935 1
13.7 0.89069 0.10406 0.00524924 1
13.8 0.905019 0.0904967 0.00448397 1
13.9 0.917403 0.0786212 0.00397557 1
14 0.928099 0.0682816 0.0036192 1
14.1 0.937324 0.0593199 0.00335631 1
14.2 0.945264 0.0515818 0.00315381 1
14.3 0.952086 0.0449214 0.00299265 1
14.4 0.957934 0.0392041 0.00286142 1
14.5 0.962939 0.0343077 0.00275297 1
14.6 0.967215 0.0301227 0.00266257 1
14.7 0.970861 0.0265519 0.00258684 1
14.8 0.973967 0.0235096 0.00252329 1
14.9 0.976609 0.020921 0.00246994 1
15 0.978854 0.0187209 0.0024252 1
15.1 0.980759 0.0168529 0.00238775 1
15.2 0.982375 0.0152682 0.0023565 1
15.3 0.983745 0.0139249 0.00233051 1
15.4 0.984904 0.0127872 0.00230898 1
15.5 0.985885 0.0118242 0.00229125 1
15.6 0.986714 0.0110097 0.00227673 1
15.7 0.987414 0.0103212 0.00226495 1
15.8 0.939451 0.0388841 0.0216651 1
15.9 0.952825 0.0344098 0.0127656 1
16 0.961647 0.0303975 0.00795558 1
16.1 0.967735 0.0268845 0.00538076 1
16.2 0.972146 0.0238496 0.00400439 1
16.3 0.975488 0.0212476 0.00326458 1
16.4 0.978111 0.0190271 0.00286188 1
16.5 0.980225 0.0171374 0.00263806 1
16.6 0.981958 0.0155324 0.00250984 1
16.7 0.983396 0.014171 0.00243339 1
16.8 0.984597 0.0130174 0.0023856 1
16.9 0.985605 0.0120408 0.00235417 1
17 0.986453 0.0112146 0.00233249 1
17.1 0.987167 0.0105162 0.00231695 1
17.2 0.987768 0.0099262 0.0023055 1
17.3 0.988275 0.00942821 0.00229695 1
17.4 0.988701 0.0090082 0.00229055 1
17.5 0.98906 0.00865425 0.00228583 1
17.6 0.989361 0.00835628 0.00228244 1
17.7 0.989614 0.0081057 0.00228015 1
17.8 0.989826 0.00789526 0.00227876 1
17.9 0.990003 0.00771879 0.00227812 1
18 0.990151 0.00757107 0.00227812 1
18.1 0.990274 0.00744769 0.00227865 1
18.2 0.990375 0.0073449 0.00227964 1
18.3 0.990459 0.00725954 0.002281 1
18.4 0.990528 0.00718892 0.00228269 1
18.5 0.990585 0.00713076 0.00228465 1
18.6 0.950475 0.0274634 0.0220612 1
18.7 0.962493 0.0246023 0.0129045 1
18.8 0.969983 0.0220316 0.00798557 1
18.9 0.974846 0.0197813 0.0053724 1
19 0.978171 0.0178395 0.00398929 1
19.1 0.980567 0.0161776 0.00325587 1
19.2 0.982374 0.0147619 0.00286422 1
19.3 0.983788 0.0135595 0.0026524 1
19.4 0.984924 0.0125401 0.0025356 1
19.5 0.985853 0.0116771 0.00246942 1
19.6 0.986622 0.0109472 0.00243062 1
19.7 0.987263 0.0103304 0.00240696 1
19.8 0.987798 0.00980962 0.00239195 1
19.9 0.988248 0.00937032 0.00238209 1
20 0.988624 0.00900008 0.00237549 1
20.1 0.988941 0.00868834 0.00237107 1
20.2 0.989206 0.00842614 0.00236819 1
20.3 0.989428 0.00820591 0.00236646 1
20.4 0.989613 0.00802119 0.00236562 1
20.5 0.989768 0.00786654 0.0023655 1
20.6 0.989897 0.00773733 0.00236597 1
20.7 0.990003 0.00762965 0.00236692 1
20.8 0.990092 0.00754019 0.00236827 1
20.9 0.990164 0.00746614 0.00236997 1
21 0.990223 0.00740513 0.00237195 1
21.1 0.990271 0.00735515 0.00237417 1
21.2 0.990309 0.00731451 0.00237659 1
21.3 0.990339 0.00728175 0.00237919 1
21.4 0.990362 0.00725568 0.00238194 1
21.5 0.99038 0.00723525 0.00238481 1
21.6 0.990393 0.0072196 0.00238778 1
21.7 0.990401 0.00720799 0.00239085 1
21.8 0.990406 0.0071998 0.00239399 1
21.9 0.990408 0.00719451 0.0023972 1
22 0.990408 0.00719166 0.00240046 1
22.1 0.990405 0.00719089 0.00240377 1
22.2 0.990401 0.00719186 0.00240712 1
22.3 0.990395 0.00719432 0.00241051 1
22.4 0.990388 0.00719804 0.00241393 1
22.5000000000001 0.99038 0.00720282 0.00241737 1
22.6000000000001 0.990371 0.0072085 0.00242083 1
22.7000000000001 0.990361 0.00721495 0.00242431 1
22.8000000000001 0.99035 0.00722204 0.00242781 1
22.9000000000001 0.990339 0.00722967 0.00243132 1
23.0000000000001 0.948709 0.027853 0.0234377 1
23.1000000000001 0.961265 0.0250188 0.0137162 1
23.2000000000001 0.808861 0.0813038 0.109835 1
23.3000000000001 0.859905 0.0748672 0.065228 1
23.4000000000001 0.894737 0.0673524 0.0379109 1
23.5000000000001 0.918123 0.0597478 0.022129 1
23.6000000000001 0.934052 0.0526122 0.0133358 1
23.7000000000001 0.945278 0.0461897 0.008532 1
23.8000000000001 0.953529 0.0405426 0.00592794 1
23.9000000000001 0.959842 0.0356438 0.00451392 1
24.0000000000001 0.840687 0.120549 0.0387646 1
24.1000000000001 0.869711 0.107012 0.0232772 1
24.2000000000001 0.891433 0.0941191 0.0144478 1
24.3000000000001 0.908154 0.0823453 0.00950091 1
24.4000000000001 0.921404 0.0718545 0.00674118 1
24.5000000000001 0.932165 0.0626449 0.00519018 1
24.6000000000001 0.941063 0.0546357 0.0043017 1
24.7000000000001 0.94851 0.0477138 0.00377652 1
24.8000000000001 0.95479 0.0417579 0.00345237 1
24.9000000000001 0.960109 0.0366497 0.00324157 1
25.0000000000001 0.964624 0.0322797 0.00309664 1
25.1000000000001 0.96846 0.0285488 0.00299165 1
25.2000000000001 0.971719 0.025369 0.00291218 1
25.3000000000001 0.883748 0.0897533 0.0264986 1
25.4000000000001 0.90488 0.0790561 0.0160642 1
25.5000000000001 0.920485 0.0692563 0.0102588 1
25.6000000000001 0.932415 0.060527 0.00705808 1
25.7000000000001 0.941832 0.0528784 0.00528992 1
25.8000000000001 0.949456 0.0462434 0.00430077 1
25.9000000000001 0.955741 0.0405244 0.00373415 1
26.0000000000001 0.960986 0.0356158 0.00339784 1
26.1000000000001 0.848613 0.12157 0.0298173 1
26.2000000000001 0.874313 0.107422 0.0182652 1
26.3000000000001 0.894029 0.0942442 0.0117272 1
26.4000000000001 0.909582 0.0823551 0.00806334 1
26.5000000000001 0.922164 0.0718312 0.00600499 1
26.6000000000001 0.932542 0.0626259 0.00483197 1
26.7000000000001 0.941218 0.0546364 0.00414545 1
26.8000000000001 0.948533 0.0477392 0.0037277 1
26.9000000000001 0.954731 0.0418082 0.00346063 1
27.0000000000001 0.959996 0.0367235 0.00328022 1
27.1000000000001 0.964474 0.0323746 0.00315156 1
27.2000000000001 0.968282 0.0286624 0.00305539 1
27.3000000000001 0.97152 0.0254988 0.0029808 1
27.4000000000001 0.974272 0.0228066 0.00292141 1
27.5000000000001 0.976608 0.0205182 0.00287332 1
27.6000000000001 0.978591 0.0185752 0.00283397 1
27.7000000000001 0.980271 0.0169269 0.00280163 1
27.8000000000001 0.981695 0.0155299 0.00277502 1
27.9000000000001 0.9829 0.0143467 0.00275315 1
28.0000000000001 0.983919 0.0133454 0.00273525 1
28.1000000000001 0.984781 0.0124987 0.00272069 1
28.2000000000001 0.985508 0.0117831 0.00270894 1
28.3000000000001 0.986122 0.0111788 0.00269958 1
28.4000000000001 0.986639 0.0106689 0.00269223 1
28.5000000000001 0.987074 0.010239 0.00268658 1
28.6000000000001 0.987441 0.00987681 0.00268238 1
28.7000000000001 0.987749 0.00957208 0.0026794 1
28.8000000000001 0.988007 0.00931596 0.00267745 1
28.9000000000001 0.988223 0.00910099 0.00267638 1
29.0000000000001 0.988403 0.00892086 0.00267605 1
29.1000000000001 0.988553 0.0087702 0.00267634 1
29.2000000000001 0.988678 0.00864448 0.00267717 1
29.3000000000001 0.988782 0.00853986 0.00267844 1
29.4000000000001 0.988867 0.0084531 0.00268009 1
29.5000000000001 0.988937 0.00838143 0.00268207 1
29.6000000000002 0.988993 0.00832254 0.00268431 1
29.7000000000002 0.989039 0.00827445 0.00268679 1
29.8000000000002 0.989075 0.0082355 0.00268946 1
29.9000000000002 0.989103 0.00820427 0.00269229 1
30.0000000000002 0.989125 0.00817958 0.00269527 1
30.1000000000002 0.989141 0.00816041 0.00269836 1
30.2000000000002 0.989153 0.00814592 0.00270156 1
30.3000000000002 0.98916 0.00813538 0.00270483 1
30.4000000000002 0.989164 0.00812818 0.00270818 1
30.5000000000002 0.942896 0.0311367 0.0259676 1
30.6000000000002 0.956769 0.0279966 0.0152344 1
30.7000000000002 0.965415 0.0251465 0.00943893 1
30.8000000000002 0.971011 0.0226373 0.0063518 1
30.9000000000002 0.974819 0.0204652 0.00471604 1
31.0000000000002 0.977549 0.0186027 0.00384873 1
31.1000000000002 0.9796 0.0170144 0.00338613 1
31.2000000000002 0.981199 0.0156643 0.00313652 1
31.3000000000002 0.982481 0.0145193 0.00299937 1
31.4000000000002 0.983528 0.0135495 0.00292207 1
31.5000000000002 0.984394 0.0127292 0.00287703 1
31.6000000000002 0.985114 0.0120358 0.00284975 1
31.7000000000002 0.985717 0.0114504 0.00283256 1
31.8000000000002 0.986222 0.0109565 0.00282135 1
31.9000000000002 0.986646 0.0105401 0.00281387 1
32.0000000000002 0.987002 0.0101895 0.00280885 1
32.1000000000002 0.934781 0.0384773 0.0267421 1
32.2000000000002 0.949865 0.0343784 0.0157568 1
32.3000000000002 0.771626 0.107154 0.12122 1
32.4000000000002 0.827433 0.099366 0.0732006 1
32.5000000000002 0.867003 0.0898367 0.0431603 1
32.6000000000002 0.894575 0.0799281 0.0254965 1
32.7000000000002 0.914021 0.0704653 0.0155132 1
32.8000000000002 0.928161 0.0618446 0.00999425 1
32.9000000000002 0.737372 0.186957 0.0756711 1
33.0000000000002 0.373807 0.31746 0.308733 1
33.1000000000002 0.447817 0.329994 0.222189 1
33.2000000000002 0.182511 0.330699 0.48679 1
33.3000000000002 0.236301 0.372591 0.391109 1
33.4000000000002 0.295745 0.404693 0.299562 1
33.5000000000002 0.357762 0.423496 0.218742 1
33.6000000000002 0.146303 0.403972 0.449725 1
33.7000000000002 0.0666119 0.306159 0.627229 1
33.8000000000002 0.0923942 0.364645 0.542961 1
33.9000000000002 0.124352 0.422264 0.453384 1
34.0000000000002 0.162176 0.474014 0.36381 1
34.1000000000002 0.204851 0.515006 0.280142 1
34.2000000000002 0.250855 0.541737 0.207408 1
34.3000000000002 0.298542 0.552953 0.148504 1
34.4000000000002 0.123692 0.550297 0.326011 1
34.5000000000002 0.156772 0.593558 0.249669 1
34.6000000000002 0.19293 0.622019 0.185052 1
34.7000000000002 0.0817544 0.562496 0.355749 1
34.8000000000002 0.10658 0.615647 0.277773 1
34.9000000000002 0.134645 0.655284 0.210071 1
35.0000000000002 0.165387 0.679808 0.154805 1
35.1000000000002 0.19827 0.689589 0.112141 1
35.2000000000002 0.232882 0.686392 0.0807258 1
35.3000000000002 0.268941 0.672619 0.0584399 1
35.4000000000002 0.114516 0.73669 0.148793 1
35.5000000000002 0.139918 0.750918 0.109164 1
35.6000000000002 0.167366 0.752696 0.0799375 1
35.7000000000002 0.196742 0.744176 0.0590813 1
35.8000000000002 0.084675 0.773707 0.141618 1
35.9000000000002 0.105373 0.789931 0.104696 1
36.0000000000002 0.128115 0.794358 0.0775271 1
36.1000000000002 0.152865 0.789012 0.0581229 1
36.2000000000002 0.179624 0.775827 0.0445487 1
36.3000000000002 0.2084 0.756436 0.035164 1
36.4000000000002 0.239186 0.732121 0.0286926 1
36.5000000000002 0.271931 0.703873 0.024196 1
36.6000000000003 0.306528 0.67246 0.0210116 1
36.7000000000003 0.342803 0.638512 0.0186846 1
36.8000000000003 0.380511 0.602579 0.0169103 1
36.9000000000003 0.419336 0.565175 0.0154889 1
37.0000000000003 0.458906 0.526802 0.0142926 1
37.1000000000003 0.498798 0.48796 0.0132417 1
37.2000000000003 0.538564 0.449147 0.0122887 1
37.3000000000003 0.577746 0.410848 0.0114068 1
37.4000000000003 0.615901 0.373517 0.010582 1
37.5000000000003 0.315093 0.637968 0.0469388 1
37.6000000000003 0.354408 0.610627 0.0349655 1
37.7000000000003 0.394424 0.578667 0.0269093 1
37.8000000000003 0.174249 0.741145 0.0846066 1
37.9000000000003 0.20462 0.733237 0.0621438 1
38.0000000000003 0.236785 0.716759 0.046456 1
38.1000000000003 0.270666 0.69366 0.0356739 1
38.2000000000003 0.116434 0.786568 0.0969975 1
38.3000000000003 0.140399 0.787743 0.0718579 1
38.4000000000003 0.166366 0.77961 0.054024 1
38.5000000000003 0.194332 0.764062 0.0416069 1
38.6000000000003 0.224294 0.742661 0.0330445 1
38.7000000000003 0.096857 0.815806 0.0873375 1
38.8000000000003 0.117966 0.816558 0.0654759 1
38.9000000000003 0.141071 0.808893 0.0500365 1
39.0000000000003 0.166211 0.794495 0.039294 1
39.1000000000003 0.193425 0.774709 0.0318663 1
39.2000000000003 0.22273 0.750555 0.0267152 1
39.3000000000003 0.254099 0.722806 0.0230943 1
39.4000000000003 0.287453 0.692063 0.0204834 1
39.5000000000003 0.124786 0.814651 0.060563 1
39.6000000000003 0.148517 0.804888 0.0465947 1
39.7000000000003 0.174296 0.788802 0.0369024 1
39.8000000000003 0.0761242 0.831362 0.0925134 1
39.9000000000003 0.0365639 0.773801 0.189635 1
40.0000000000003 0.0207532 0.650903 0.328344 1
40.1000000000003 0.0311162 0.711696 0.257187 1
40.2000000000003 0.0183921 0.571889 0.409719 1
40.3000000000003 0.02817 0.64146 0.33037 1
40.4000000000003 0.0402752 0.701174 0.258551 1
40.5000000000003 0.0546784 0.748078 0.197243 1
40.6000000000003 0.0712818 0.781023 0.147695 1
40.7000000000003 0.0899789 0.800491 0.10953 1
40.8000000000003 0.110698 0.808023 0.0812791 1
40.9000000000003 0.133414 0.805587 0.0609987 1
41.0000000000003 0.158144 0.795103 0.0467537 1
41.1000000000003 0.184916 0.778206 0.0368776 1
41.2000000000003 0.213752 0.756188 0.0300593 1
41.3000000000003 0.244641 0.730033 0.0253261 1
41.4000000000003 0.27752 0.700494 0.0219859 1
41.5000000000003 0.312266 0.668173 0.0195602 1
41.6000000000003 0.348688 0.633586 0.017726 1
41.7000000000003 0.386523 0.597208 0.0162698 1
41.8000000000003 0.425439 0.559508 0.0150534 1
41.9000000000003 0.46505 0.520961 0.0139899 1
42.0000000000003 0.214012 0.735075 0.0509135 1
42.1000000000003 0.2463 0.71482 0.0388805 1
42.2000000000003 0.28034 0.689019 0.0306414 1
42.3000000000003 0.316022 0.658983 0.0249949 1
42.4000000000003 0.353176 0.625745 0.0210784 1
42.5000000000003 0.391562 0.590143 0.0182951 1
42.6000000000003 0.43087 0.552886 0.0162442 1
42.7000000000003 0.470731 0.514606 0.0146629 1
42.8000000000003 0.51073 0.475887 0.013383 1
42.9000000000003 0.550424 0.437276 0.0122993 1
43.0000000000003 0.58937 0.399282 0.0113481 1
43.1000000000003 0.627139 0.362368 0.0104925 1
43.2000000000003 0.663347 0.326941 0.00971157 1
43.3000000000003 0.355214 0.598565 0.0462211 1
43.4000000000003 0.396551 0.569461 0.0339877 1
43.5000000000003 0.438004 0.536163 0.0258335 1
43.6000000000004 0.479331 0.50027 0.0203989 1
43.7000000000004 0.520245 0.463022 0.0167324 1
43.8000000000004 0.560416 0.425388 0.0141959 1
43.9000000000004 0.599494 0.38813 0.0123754 1
44.0000000000004 0.637131 0.35186 0.011009 1
44.1000000000004 0.673004 0.317061 0.00993462 1
44.2000000000004 0.70684 0.284106 0.00905399 1
44.3000000000004 0.738424 0.253268 0.00830838 1
44.4000000000004 0.767611 0.224726 0.00766295 1
44.5000000000004 0.794325 0.198578 0.00709692 1
44.6000000000004 0.818557 0.174845 0.00659746 1
44.7000000000004 0.840355 0.153489 0.00615611 1
44.8000000000004 0.859813 0.13442 0.0057667 1
44.9000000000004 0.877062 0.117514 0.0054242 1
45.0000000000004 0.640223 0.321259 0.0385177 1
45.1000000000004 0.318782 0.52729 0.153928 1
45.2000000000004 0.369235 0.523683 0.107083 1
45.3000000000004 0.418456 0.508096 0.0734477 1
45.4000000000004 0.465882 0.483712 0.0504066 1
45.5000000000004 0.511293 0.453554 0.0351533 1
45.6000000000004 0.554624 0.420106 0.0252696 1
45.7000000000004 0.595838 0.385241 0.0189214 1
45.8000000000004 0.634872 0.350301 0.0148268 1
45.9000000000004 0.327738 0.607123 0.0651391 1
46.0000000000004 0.369676 0.583811 0.0465136 1
46.1000000000004 0.411692 0.554321 0.0339868 1
46.2000000000004 0.453578 0.520753 0.0256684 1
46.3000000000004 0.4951 0.484749 0.0201511 1
46.4000000000004 0.229775 0.69766 0.0725648 1
46.5000000000004 0.264955 0.682058 0.0529873 1
46.6000000000004 0.301513 0.658957 0.03953 1
46.7000000000004 0.339303 0.630299 0.0303985 1
46.8000000000004 0.37814 0.597642 0.0242173 1
46.9000000000004 0.417785 0.562219 0.0199957 1
47.0000000000004 0.45793 0.52502 0.0170507 1
47.1000000000004 0.498213 0.486861 0.0149264 1
47.2000000000004 0.538232 0.448442 0.0133265 1
47.3000000000004 0.258546 0.688772 0.0526813 1
47.4000000000004 0.294599 0.665985 0.0394167 1
47.5000000000004 0.126603 0.765359 0.108038 1
47.6000000000004 0.0561098 0.720635 0.223255 1
47.7000000000004 0.073258 0.758679 0.168063 1
47.8000000000004 0.0926084 0.7827 0.124692 1
47.9000000000004 0.114046 0.793871 0.0920837 1
48.0000000000004 0.137506 0.794077 0.0684173 1
48.1000000000004 0.0607756 0.785738 0.153486 1
48.2000000000004 0.0778176 0.808081 0.114101 1
48.3000000000004 0.0968464 0.818367 0.0847866 1
48.4000000000004 0.0446433 0.77657 0.178787 1
48.5000000000004 0.0592042 0.807052 0.133744 1
48.6000000000004 0.0757159 0.824775 0.0995087 1
48.7000000000004 0.0363088 0.762276 0.201415 1
48.8000000000004 0.049505 0.798937 0.151558 1
48.9000000000004 0.0646457 0.822381 0.112973 1
49.0000000000004 0.0816942 0.834039 0.0842668 1
49.1000000000004 0.100653 0.835791 0.063556 1
49.2000000000004 0.121562 0.829498 0.04894 1
49.3000000000004 0.144483 0.81675 0.038767 1
49.4000000000004 0.169481 0.798793 0.0317259 1
49.5000000000004 0.196604 0.77656 0.0268363 1
49.6000000000004 0.225866 0.75074 0.0233946 1
49.7000000000004 0.257234 0.721856 0.0209103 1
49.8000000000004 0.111465 0.828365 0.0601695 1
49.9000000000004 0.133584 0.819945 0.0464711 1
50.0000000000004 0.157741 0.805299 0.0369602 1
50.1000000000004 0.183991 0.785626 0.0303826 1
50.2000000000004 0.212365 0.761825 0.0258095 1
50.3000000000004 0.0921271 0.838131 0.0697416 1
50.4000000000004 0.112121 0.834576 0.0533025 1
50.5000000000004 0.134099 0.824085 0.041816 1
50.6000000000004 0.158129 0.808014 0.0338574 1
50.7000000000005 0.0696068 0.845628 0.0847652 1
50.8000000000005 0.0340039 0.790596 0.1754 1
50.9000000000005 0.0466211 0.821905 0.131474 1
51.0000000000005 0.0610775 0.840778 0.0981449 1
51.1000000000005 0.0773657 0.848914 0.0737208 1
51.2000000000005 0.0955159 0.8482 0.0562842 1
51.3000000000005 0.11559 0.840354 0.0440568 1
51.4000000000005 0.137665 0.826767 0.0355674 1
51.5000000000005 0.0613382 0.851506 0.087156 1
51.6000000000005 0.0775046 0.856554 0.065941 1
51.7000000000005 0.0955169 0.853571 0.0509126 1
51.8000000000005 0.115449 0.84413 0.0404206 1
51.9000000000005 0.137389 0.829467 0.0331447 1
52.0000000000005 0.161417 0.810492 0.0280912 1
52.1000000000005 0.187595 0.787863 0.024542 1
52.2000000000005 0.21595 0.762056 0.0219931 1
52.3000000000005 0.246465 0.733437 0.0200981 1
52.4000000000005 0.279063 0.702314 0.0186231 1
52.5000000000005 0.313604 0.668984 0.0174126 1
52.6000000000005 0.349878 0.633757 0.0163654 1
52.7000000000005 0.387606 0.596977 0.0154176 1
52.8000000000005 0.426444 0.559026 0.01453 1
52.9000000000005 0.192738 0.756542 0.0507208 1
53.0000000000005 0.223074 0.737927 0.0389987 1
53.1000000000005 0.255309 0.713736 0.0309549 1
53.2000000000005 0.289369 0.685201 0.0254301 1
53.3000000000005 0.125259 0.801517 0.0732231 1
53.4000000000005 0.149456 0.795407 0.0551367 1
53.5000000000005 0.175675 0.781806 0.0425193 1
53.6000000000005 0.203937 0.762254 0.0338088 1
53.7000000000005 0.234242 0.737954 0.0278044 1
53.8000000000005 0.266547 0.709823 0.0236299 1
53.9000000000005 0.300754 0.678577 0.020669 1
54.0000000000005 0.130715 0.807598 0.0616872 1
54.1000000000005 0.155123 0.797683 0.047194 1
54.2000000000005 0.181576 0.781277 0.0371472 1
54.3000000000005 0.2101 0.759682 0.030218 1
54.4000000000005 0.0910004 0.829155 0.0798444 1
54.5000000000005 0.111079 0.828642 0.06028 1
54.6000000000005 0.133137 0.820337 0.0465266 1
54.7000000000005 0.157233 0.805788 0.0369787 1
54.8000000000005 0.183423 0.786199 0.030378 1
54.9000000000005 0.211738 0.76247 0.0257921 1
55.0000000000005 0.24217 0.735274 0.0225563 1
55.1000000000005 0.274657 0.705133 0.0202095 1
55.2000000000005 0.309074 0.672487 0.0184389 1
55.3000000000005 0.345227 0.637736 0.0170363 1
55.4000000000005 0.382851 0.601283 0.0158658 1
55.5000000000005 0.421614 0.563546 0.0148408 1
55.6000000000005 0.461125 0.524967 0.0139082 1
55.7000000000005 0.500951 0.486012 0.0130371 1
55.8000000000005 0.540633 0.447156 0.0122111 1
55.9000000000005 0.260526 0.690555 0.0489186 1
56.0000000000005 0.296417 0.666662 0.0369215 1
56.1000000000005 0.333655 0.637565 0.0287805 1
56.2000000000005 0.144999 0.770166 0.0848354 1
56.3000000000005 0.172 0.765236 0.0627645 1
56.4000000000005 0.200954 0.75175 0.047296 1
56.5000000000005 0.231834 0.731542 0.0366241 1
56.6000000000005 0.264596 0.706095 0.0293092 1
56.7000000000005 0.29915 0.676572 0.0242783 1
56.8000000000005 0.129703 0.799407 0.0708896 1
56.9000000000005 0.154332 0.792216 0.0534522 1
57.0000000000005 0.180985 0.777704 0.0413108 1
57.1000000000005 0.209678 0.757383 0.0329381 1
57.2000000000005 0.0907172 0.823239 0.0860441 1
57.3000000000005 0.110897 0.824513 0.0645897 1
57.4000000000005 0.133058 0.817495 0.0494463 1
57.5000000000005 0.0592388 0.825136 0.115626 1
57.6000000000005 0.0754609 0.838281 0.086258 1
57.7000000000006 0.093565 0.841418 0.065017 1
57.8000000000006 0.113593 0.836408 0.0499995 1
57.9000000000006 0.13561 0.824854 0.0395361 1
58.0000000000006 0.15969 0.808017 0.0322933 1
58.1000000000006 0.0702449 0.848338 0.0814167 1
58.2000000000006 0.087537 0.850743 0.0617201 1
58.3000000000006 0.106721 0.845446 0.0478333 1
58.4000000000006 0.127872 0.83396 0.038168 1
58.5000000000006 0.151072 0.817454 0.0314742 1
58.6000000000006 0.176393 0.796786 0.0268216 1
58.7000000000006 0.203877 0.77258 0.0235437 1
58.8000000000006 0.233527 0.745298 0.0211754 1
58.9000000000006 0.265294 0.715307 0.0193991 1
59.0000000000006 0.299065 0.682934 0.0180013 1
59.1000000000006 0.334661 0.648498 0.0168413 1
59.2000000000006 0.371832 0.61234 0.0158282 1
59.3000000000006 0.410261 0.574834 0.0149051 1
59.4000000000006 0.184174 0.764741 0.0510848 1
59.5000000000006 0.213709 0.746962 0.0393288 1
59.6000000000006 0.245188 0.723556 0.0312558 1
59.7000000000006 0.105711 0.80974 0.084549 1
59.8000000000006 0.127819 0.808917 0.0632641 1
59.9000000000006 0.151935 0.799785 0.0482798 1
60.0000000000006 0.178095 0.78402 0.0378845 1
60.1000000000006 0.0775718 0.827567 0.0948607 1
60.2000000000006 0.0369922 0.769233 0.193775 1
60.3000000000006 0.0207684 0.645393 0.333838 1
60.4000000000006 0.0310038 0.707051 0.261946 1
60.5000000000006 0.0433716 0.756245 0.200383 1
60.6000000000006 0.0578159 0.791725 0.150459 1
60.7000000000006 0.0742644 0.813867 0.111869 1
60.8000000000006 0.0926699 0.824128 0.0832021 1
60.9000000000006 0.113028 0.824416 0.0625564 1
61.0000000000006 0.0511282 0.809277 0.139595 1
61.1000000000006 0.0663452 0.829681 0.103974 1
61.2000000000006 0.0834451 0.838839 0.0777159 1
61.3000000000006 0.0393913 0.796088 0.16452 1
61.4000000000006 0.0528411 0.824186 0.122973 1
61.5000000000006 0.0272158 0.736806 0.235978 1
61.6000000000006 0.0387069 0.781945 0.179348 1
61.7000000000006 0.0521341 0.813555 0.134311 1
61.8000000000006 0.0674533 0.832502 0.100045 1
61.9000000000006 0.0846489 0.840461 0.0748899 1
62.0000000000006 0.103745 0.839337 0.0569184 1
62.1000000000006 0.124797 0.830885 0.0443178 1
62.2000000000006 0.147876 0.816546 0.0355774 1
62.3000000000006 0.173051 0.797418 0.0295302 1
62.4000000000006 0.200369 0.774313 0.0253188 1
62.5000000000006 0.229837 0.747828 0.0223352 1
62.6000000000006 0.261416 0.718425 0.0201588 1
62.7000000000006 0.295004 0.686492 0.0185046 1
62.8000000000006 0.33043 0.652387 0.0171828 1
62.9000000000006 0.367456 0.616474 0.0160694 1
63.0000000000006 0.405773 0.579141 0.0150855 1
63.1000000000006 0.44501 0.540807 0.0141826 1
63.2000000000006 0.484747 0.501921 0.0133326 1
63.3000000000006 0.524529 0.46295 0.0125211 1
63.4000000000006 0.25004 0.700804 0.0491556 1
63.5000000000006 0.285154 0.677651 0.0371946 1
63.6000000000006 0.122596 0.775581 0.101823 1
63.7000000000006 0.0545168 0.733455 0.212029 1
63.8000000000006 0.0711495 0.769661 0.15919 1
63.9000000000006 0.0342235 0.672633 0.293144 1
64.0000000000006 0.0474155 0.726314 0.226271 1
64.1000000000006 0.0628477 0.766401 0.170751 1
64.2000000000006 0.0804144 0.792601 0.126985 1
64.3000000000006 0.100027 0.805999 0.0939746 1
64.4000000000006 0.12164 0.808416 0.0699439 1
64.5000000000006 0.145256 0.801836 0.0529073 1
64.6000000000006 0.170904 0.788054 0.0410422 1
64.7000000000006 0.0745602 0.824291 0.101149 1
64.8000000000006 0.0927947 0.831684 0.0755209 1
64.9000000000006 0.112966 0.829825 0.0572096 1
65.0000000000006 0.0511511 0.819607 0.129242 1
65.1000000000006 0.0662446 0.837421 0.0963343 1
65.2000000000006 0.0831941 0.844538 0.0722677 1
65.3000000000006 0.102031 0.842851 0.0551177 1
65.4000000000006 0.122817 0.834072 0.0431111 1
65.5000000000006 0.145628 0.819585 0.034787 1
65.6000000000005 0.170535 0.800439 0.0290252 1
65.7000000000005 0.0747121 0.850502 0.0747863 1
65.8000000000005 0.0924679 0.850534 0.0569985 1
65.9000000000005 0.0430836 0.829965 0.126951 1
66.0000000000005 0.0568555 0.848295 0.0948491 1
66.1000000000005 0.0724132 0.856191 0.0713956 1
66.2000000000005 0.0897957 0.855518 0.0546859 1
66.3000000000005 0.109072 0.847945 0.0429828 1
66.4000000000005 0.130328 0.834809 0.0348624 1
66.5000000000005 0.15365 0.817114 0.0292359 1
66.6000000000005 0.179109 0.795583 0.0253079 1
66.7000000000005 0.0783234 0.854843 0.0668335 1
66.8000000000005 0.0964026 0.852153 0.0514445 1
66.9000000000005 0.116406 0.842895 0.0406998 1
67.0000000000005 0.138418 0.828328 0.0332539 1
67.1000000000005 0.162522 0.809387 0.0280907 1
67.2000000000005 0.188778 0.786747 0.0244745 1
67.3000000000005 0.08233 0.852279 0.0653905 1
67.4000000000004 0.0390303 0.819111 0.141859 1
67.5000000000004 0.0522421 0.841807 0.105951 1
67.6000000000004 0.0672409 0.853351 0.0794079 1
67.7000000000004 0.0840515 0.855613 0.0603351 1
67.8000000000004 0.102733 0.850364 0.0469033 1
67.9000000000004 0.123366 0.839074 0.03756 1
68.0000000000004 0.146037 0.822873 0.0310898 1
68.1000000000004 0.170824 0.802585 0.0265916 1
68.2000000000004 0.197778 0.778802 0.0234205 1
68.3000000000004 0.226911 0.751962 0.0211274 1
68.4000000000004 0.258185 0.72241 0.0194055 1
68.5000000000004 0.291501 0.69045 0.0180484 1
68.6000000000004 0.326695 0.656385 0.0169201 1
68.7000000000004 0.363529 0.620539 0.0159324 1
68.8000000000004 0.16056 0.787539 0.051901 1
68.9000000000004 0.0701483 0.806786 0.123065 1
69.0000000000004 0.088116 0.820523 0.091361 1
69.1000000000004 0.0410973 0.769761 0.189141 1
69.2000000000003 0.0550055 0.803223 0.141772 1
69.3000000000003 0.0708568 0.82368 0.105463 1
69.4000000000003 0.0886222 0.832715 0.0786625 1
69.5000000000003 0.108313 0.832241 0.0594461 1
69.6000000000003 0.129976 0.824077 0.0459469 1
69.7000000000003 0.0580313 0.833753 0.108216 1
69.8000000000003 0.0739303 0.845163 0.0809064 1
69.9000000000003 0.0916864 0.847053 0.0612607 1
70.0000000000003 0.111353 0.841227 0.0474204 1
70.1000000000003 0.133003 0.829202 0.0377953 1
70.2000000000003 0.156717 0.812148 0.0311349 1
70.3000000000003 0.182558 0.790932 0.0265094 1
70.4000000000003 0.0796993 0.850558 0.0697431 1
70.5000000000003 0.0980125 0.848568 0.0534197 1
70.6000000000003 0.118258 0.839737 0.0420057 1
70.7000000000003 0.140516 0.825389 0.0340943 1
70.8000000000003 0.164867 0.806519 0.0286144 1
70.9000000000002 0.191367 0.783847 0.0247862 1
71.0000000000002 0.22004 0.7579 0.0220598 1
71.1000000000002 0.250861 0.729083 0.020056 1
71.2000000000002 0.283746 0.697736 0.0185183 1
71.3000000000002 0.318547 0.664177 0.0172758 1
71.4000000000002 0.355044 0.628739 0.0162171 1
71.5000000000002 0.156418 0.791267 0.0523152 1
71.6000000000002 0.0684772 0.807998 0.123525 1
71.7000000000002 0.0861936 0.822075 0.0917312 1
71.8000000000002 0.105858 0.825524 0.0686184 1
71.9000000000002 0.127492 0.820273 0.0522346 1
72.0000000000002 0.151146 0.80804 0.040814 1
72.1000000000002 0.0665833 0.834257 0.0991602 1
72.2000000000002 0.0836149 0.84213 0.0742546 1
72.3000000000002 0.10254 0.840989 0.0564714 1
72.4000000000002 0.0470373 0.826127 0.126836 1
72.5000000000002 0.024906 0.734049 0.241045 1
72.6000000000002 0.0359076 0.780563 0.183529 1
72.7000000000001 0.048824 0.813575 0.1376 1
72.8000000000001 0.0636142 0.833853 0.102533 1
72.9000000000001 0.0802629 0.84302 0.0767173 1
73.0000000000001 0.0987932 0.842973 0.0582335 1
73.1000000000001 0.119261 0.835484 0.0452548 1
73.2000000000001 0.0537812 0.840254 0.105965 1
73.3000000000001 0.0276296 0.763344 0.209026 1
73.4000000000001 0.0390964 0.803115 0.157789 1
73.5000000000001 0.0524187 0.829712 0.117869 1
73.6000000000001 0.0675712 0.844433 0.0879956 1
73.7000000000001 0.0330991 0.786192 0.180708 1
73.8000000000001 0.0454868 0.818997 0.135516 1
73.9000000000001 0.0597101 0.839211 0.101078 1
74.0000000000001 0.07576 0.848481 0.0757588 1
74.1000000000001 0.0363735 0.803507 0.16012 1
74.2000000000001 0.0492366 0.831056 0.119707 1
74.3000000000001 0.0639102 0.846686 0.0894037 1
74.4 0.0804021 0.8522 0.0673977 1
74.5 0.0987566 0.849453 0.0517903 1
74.6 0.119046 0.840062 0.0408923 1
74.7 0.141353 0.825305 0.0333419 1
74.8 0.165757 0.806134 0.0281091 1
74.9 0.192315 0.783238 0.0244472 1
75 0.221048 0.757121 0.0218313 1
75.1 0.25193 0.72817 0.0199001 1
75.2 0.284874 0.696716 0.0184096 1
75.3 0.123753 0.821186 0.0550607 1
75.4 0.147084 0.810153 0.0427629 1
75.5 0.172479 0.793265 0.0342555 1
75.6 0.199981 0.771639 0.0283804 1
75.7 0.229599 0.746109 0.0242915 1
75.8 0.261297 0.717311 0.0213917 1
75.9 0.294977 0.685753 0.0192706 1
76 0.128209 0.81404 0.0577503 1
76.1 0.152148 0.803338 0.0445143 1
76.1999999999999 0.178145 0.7865 0.0353548 1
76.2999999999999 0.206234 0.764728 0.0290375 1
76.3999999999999 0.0894017 0.833745 0.0768533 1
76.4999999999999 0.0416972 0.794669 0.163634 1
76.5999999999999 0.0555143 0.822275 0.122211 1
76.6999999999999 0.0282293 0.736582 0.235189 1
76.7999999999999 0.0398941 0.781451 0.178655 1
76.8999999999999 0.0535028 0.812776 0.133721 1
76.9999999999999 0.0690102 0.831437 0.0995532 1
77.0999999999999 0.0335947 0.765874 0.200531 1
77.1999999999999 0.0461716 0.802933 0.150896 1
77.2999999999999 0.0606497 0.826858 0.112492 1
77.3999999999999 0.0770008 0.839075 0.0839239 1
77.4999999999999 0.0952343 0.841454 0.0633121 1
77.5999999999999 0.115396 0.835838 0.0487663 1
77.6999999999999 0.137554 0.823802 0.0386444 1
77.7999999999999 0.0611739 0.845216 0.09361 1
77.8999999999998 0.077335 0.852242 0.0704231 1
77.9999999999998 0.0953477 0.850727 0.0539249 1
78.0999999999998 0.115281 0.842337 0.0423821 1
78.1999999999998 0.0522438 0.847947 0.0998088 1
78.2999999999998 0.0671671 0.857827 0.075006 1
78.3999999999998 0.0838902 0.858845 0.0572646 1
78.4999999999998 0.102479 0.852715 0.0448064 1
78.5999999999998 0.0471469 0.849058 0.103795 1
78.6999999999998 0.0613416 0.860696 0.0779619 1
78.7999999999998 0.0773034 0.863276 0.0594211 1
78.8999999999998 0.0950954 0.858534 0.0463703 1
78.9999999999998 0.114804 0.847905 0.0372917 1
79.0999999999998 0.136522 0.832476 0.0310021 1
79.1999999999998 0.160336 0.813037 0.0266263 1
79.2999999999998 0.186312 0.790149 0.0235388 1
79.3999999999998 0.0813387 0.855552 0.063109 1
79.4999999999998 0.099728 0.851437 0.0488354 1
79.5999999999998 0.120056 0.841052 0.0388919 1
79.6999999999997 0.142409 0.825586 0.0320057 1
79.7999999999997 0.166867 0.805908 0.0272252 1
79.8999999999997 0.0732575 0.856191 0.0705513 1
79.9999999999997 0.090731 0.855188 0.0540808 1
80.0999999999997 0.110103 0.847345 0.0425525 1
80.1999999999997 0.131459 0.833985 0.0345562 1
80.2999999999997 0.154886 0.816098 0.029016 1
80.3999999999997 0.180452 0.794401 0.0251471 1
80.4999999999997 0.078876 0.854596 0.0665282 1
80.5999999999997 0.0970171 0.851762 0.0512208 1
80.6999999999997 0.117085 0.842379 0.0405361 1
80.7999999999997 0.139165 0.827702 0.033133 1
80.8999999999997 0.163339 0.808661 0.0279999 1
80.9999999999997 0.189667 0.785929 0.0244047 1
81.0999999999997 0.218173 0.759994 0.0218328 1
81.1999999999997 0.248836 0.731234 0.0199305 1
81.2999999999997 0.281575 0.699966 0.0184587 1
81.3999999999997 0.316246 0.666495 0.0172587 1
81.4999999999996 0.352633 0.631141 0.0162269 1
81.5999999999996 0.155258 0.792507 0.0522346 1
81.6999999999996 0.181935 0.777613 0.040452 1
81.7999999999996 0.210657 0.75701 0.0323332 1
81.8999999999996 0.241417 0.731843 0.0267396 1
81.9999999999996 0.274162 0.702991 0.0228468 1
82.0999999999996 0.308776 0.671146 0.0200784 1
82.1999999999996 0.345075 0.636883 0.0180419 1
82.2999999999996 0.382806 0.600718 0.0164755 1
82.3999999999996 0.421644 0.563148 0.0152085 1
82.4999999999996 0.461205 0.524663 0.0141322 1
82.5999999999996 0.211823 0.736972 0.0512047 1
82.6999999999996 0.243915 0.717059 0.0390258 1
82.7999999999996 0.277776 0.691524 0.0306995 1
82.8999999999996 0.3133 0.66169 0.0250094 1
82.9999999999996 0.35032 0.6286 0.0210802 1
83.0999999999996 0.388597 0.593097 0.0183054 1
83.1999999999995 0.172599 0.767486 0.0599143 1
83.2999999999995 0.0748271 0.784569 0.140604 1
83.3999999999995 0.0938435 0.802072 0.104084 1
83.4999999999995 0.114873 0.807922 0.077205 1
83.5999999999995 0.137902 0.8041 0.0579978 1
83.6999999999995 0.162952 0.792494 0.0445549 1
83.7999999999995 0.190053 0.774686 0.0352606 1
83.8999999999995 0.219224 0.751918 0.0288573 1
83.9999999999995 0.250446 0.725135 0.0244189 1
84.0999999999995 0.283647 0.695063 0.0212896 1
84.1999999999995 0.123002 0.814608 0.0623899 1
84.2999999999995 0.146513 0.805747 0.0477394 1
84.3999999999995 0.172071 0.790353 0.0375763 1
84.4999999999995 0.199711 0.769722 0.0305664 1
84.5999999999995 0.229445 0.744841 0.0257149 1
84.6999999999995 0.261234 0.716455 0.0223102 1
84.7999999999995 0.294987 0.685155 0.0198586 1
84.8999999999995 0.128172 0.812547 0.0592809 1
84.9999999999994 0.152171 0.802267 0.0455614 1
85.0999999999994 0.178225 0.785714 0.0360612 1
85.1999999999994 0.206364 0.764126 0.0295098 1
85.2999999999994 0.0894474 0.832594 0.0779586 1
85.3999999999994 0.10924 0.831805 0.0589548 1
85.4999999999994 0.131008 0.82338 0.0456121 1
85.5999999999994 0.154813 0.808831 0.0363562 1
85.6999999999994 0.180716 0.789325 0.0299595 1
85.7999999999994 0.208752 0.765733 0.0255154 1
85.8999999999994 0.238917 0.738704 0.0223786 1
85.9999999999994 0.271157 0.708741 0.0201022 1
86.0999999999994 0.30535 0.676267 0.018383 1
86.1999999999994 0.34131 0.641671 0.0170191 1
86.2999999999994 0.149774 0.796314 0.053912 1
86.3999999999994 0.175952 0.782393 0.0416557 1
86.4999999999994 0.204179 0.76262 0.0332019 1
86.5999999999994 0.234456 0.738167 0.0273771 1
86.6999999999993 0.26674 0.709932 0.0233277 1
86.7999999999993 0.300931 0.678614 0.0204547 1
86.8999999999993 0.130802 0.808072 0.0611257 1
86.9999999999993 0.155175 0.798049 0.0467757 1
87.0999999999993 0.0680994 0.819901 0.112 1
87.1999999999993 0.085584 0.830992 0.083424 1
87.2999999999993 0.0401792 0.784879 0.174941 1
87.3999999999993 0.0220697 0.668547 0.309384 1
87.4999999999993 0.0325802 0.72672 0.2407 1
87.5999999999993 0.0188724 0.590143 0.390985 1
87.6999999999993 0.0286399 0.658243 0.313117 1
87.7999999999993 0.0171036 0.513196 0.4697 1
87.8999999999993 0.0118215 0.377171 0.611008 1
87.9999999999993 0.0089295 0.270306 0.720764 1
88.0999999999993 0.0149457 0.332894 0.65216 1
88.1999999999993 0.0233162 0.401638 0.575046 1
88.2999999999993 0.0344947 0.473296 0.492209 1
88.3999999999993 0.0194017 0.346896 0.633703 1
88.4999999999992 0.0293277 0.41608 0.554592 1
88.5999999999992 0.0423584 0.48702 0.470622 1
88.6999999999992 0.058759 0.555025 0.386216 1
88.7999999999992 0.0295439 0.422352 0.548104 1
88.8999999999992 0.0426196 0.493396 0.463985 1
88.9999999999992 0.0590404 0.561142 0.379818 1
89.0999999999992 0.0788178 0.62067 0.300512 1
89.1999999999992 0.101733 0.667959 0.230308 1
89.2999999999992 0.127422 0.700731 0.171847 1
89.3999999999992 0.0561572 0.621539 0.322304 1
89.4999999999992 0.0745021 0.675457 0.250041 1
89.5999999999992 0.0955501 0.715672 0.188778 1
89.6999999999992 0.0437329 0.6172 0.339067 1
89.7999999999992 0.0594091 0.675332 0.265259 1
