0 0.333333 0.333333 0.333333 1
0.1 0.404444 0.351111 0.244444 1
0.2 0.473945 0.355683 0.170372 1
0.3 0.195871 0.387392 0.416737 1
0.4 0.248696 0.42623 0.325074 1
0.5 0.305354 0.452484 0.242162 1
0.6 0.125514 0.410579 0.463907 1
0.7 0.0584788 0.308324 0.633197 1
0.8 0.0822496 0.368113 0.549638 1
0.9 0.111748 0.427477 0.460775 1
1 0.146793 0.481549 0.371657 1
1.1 0.18659 0.52546 0.28795 1
1.2 0.0798708 0.437181 0.482948 1
1.3 0.0394656 0.323613 0.636922 1
1.4 0.0569814 0.387532 0.555487 1
1.5 0.0790715 0.452063 0.468866 1
1.6 0.0389691 0.33589 0.625141 1
1.7 0.056205 0.40084 0.542955 1
1.8 0.0778714 0.465871 0.456257 1
1.9 0.104016 0.526145 0.369839 1
2 0.0482032 0.407589 0.544207 1
2.1 0.0674895 0.474312 0.458198 1
2.2 0.0339368 0.35275 0.613313 1
2.3 0.0494085 0.419697 0.530894 1
2.4 0.0266171 0.305757 0.667626 1
2.5 0.0167137 0.218768 0.764518 1
2.6 0.0119631 0.156652 0.831385 1
2.7 0.00949117 0.113046 0.877463 1
2.8 0.0165898 0.146637 0.836773 1
2.9 0.0118762 0.105989 0.882135 1
3 0.01997 0.137761 0.842269 1
3.1 0.0136214 0.0997359 0.886643 1
3.2 0.0102757 0.0730852 0.916639 1
3.3 0.00843694 0.0543468 0.937216 1
3.4 0.0073911 0.0411218 0.951487 1
3.5 0.00677755 0.0317568 0.961466 1
3.6 0.0125021 0.0438742 0.943624 1
3.7 0.0208094 0.059358 0.919833 1
3.8 0.0140902 0.0445599 0.94135 1
3.9 0.0230897 0.060189 0.916721 1
4 0.0359836 0.0798508 0.884166 1
4.1 0.0220531 0.0588991 0.919048 1
4.2 0.0344927 0.0782372 0.88727 1
4.3 0.0212696 0.057761 0.920969 1
4.4 0.033362 0.0768064 0.889832 1
4.5 0.0504795 0.100386 0.849135 1
4.6 0.0293412 0.0732518 0.897407 1
4.7 0.0447924 0.0960746 0.859133 1
4.8 0.0663668 0.123802 0.809831 1
4.9 0.0369981 0.0896792 0.873323 1
5 0.0554882 0.116246 0.828266 1
5.1 0.0809573 0.1479 0.771143 1
5.2 0.0436865 0.106704 0.849609 1
5.3 0.0646888 0.136902 0.79841 1
5.4 0.0360045 0.0988991 0.865096 1
5.5 0.0218969 0.0722382 0.905865 1
5.6 0.0145485 0.0535435 0.931908 1
5.7 0.0236347 0.0715635 0.904802 1
5.8 0.0154654 0.0530462 0.931488 1
5.9 0.0249438 0.0708946 0.904162 1
5.99999999999999 0.0161526 0.052556 0.931291 1
6.09999999999999 0.011427 0.0396472 0.948926 1
6.19999999999999 0.00881966 0.0305196 0.960661 1
6.29999999999999 0.00735227 0.024042 0.968606 1
6.39999999999999 0.00651186 0.0194319 0.974056 1
6.49999999999999 0.0060219 0.0161431 0.977835 1
6.59999999999999 0.00573033 0.0137923 0.980477 1
6.69999999999999 0.00555235 0.0121084 0.982339 1
6.79999999999999 0.010446 0.0181273 0.971427 1
6.89999999999999 0.0175997 0.0259335 0.956467 1
6.99999999999999 0.0279848 0.0359708 0.936044 1
7.09999999999999 0.0429162 0.0487182 0.908366 1
7.19999999999999 0.0256782 0.0367336 0.937588 1
7.29999999999999 0.0165338 0.0283202 0.955146 1
7.39999999999999 0.0264163 0.0390493 0.934534 1
7.49999999999999 0.0169169 0.0299482 0.953135 1
7.59999999999999 0.0117442 0.0235236 0.964732 1
7.69999999999999 0.00887406 0.018967 0.972159 1
7.79999999999999 0.0152547 0.0269904 0.957755 1
7.89999999999999 0.0245352 0.0373215 0.938143 1
7.99999999999999 0.0379098 0.0504695 0.911621 1
8.09999999999999 0.0569423 0.0669281 0.87613 1
8.19999999999999 0.083562 0.0870556 0.829382 1
8.29999999999999 0.119928 0.110873 0.769198 1
8.39999999999999 0.168065 0.137783 0.694152 1
8.49999999999999 0.229186 0.166263 0.604552 1
8.59999999999999 0.302766 0.193708 0.503525 1
8.69999999999999 0.131992 0.149612 0.718396 1
8.79999999999998 0.182386 0.182388 0.635226 1
8.89999999999998 0.0871381 0.133358 0.779504 1
8.99999999999998 0.0466964 0.0963095 0.856994 1
9.09999999999998 0.0272334 0.070214 0.902553 1
9.19999999999998 0.0172035 0.0519122 0.930884 1
9.29999999999998 0.0118187 0.0390213 0.94916 1
9.39999999999998 0.0194777 0.0528359 0.927686 1
9.49999999999998 0.0305258 0.0703549 0.899119 1
9.59999999999998 0.0189299 0.0519755 0.929095 1
9.69999999999998 0.0127359 0.0390378 0.948226 1
9.79999999999998 0.00933225 0.0298865 0.960781 1
9.89999999999998 0.00742347 0.023388 0.969189 1
9.99999999999998 0.0130242 0.0326434 0.954332 1
10.1 0.00946399 0.025324 0.965212 1
10.2 0.0159932 0.0351234 0.948883 1
10.3 0.0110921 0.0270647 0.961843 1
10.4 0.00836713 0.0213453 0.970288 1
10.5 0.0143696 0.0299488 0.955682 1
10.6 0.0101763 0.0233759 0.966448 1
10.7 0.00783318 0.0187042 0.973463 1
10.8 0.0135678 0.0264983 0.959934 1
10.9 0.0219291 0.0365571 0.941514 1
11 0.0340146 0.0493984 0.916587 1
11.1 0.0512771 0.0655419 0.883181 1
11.2 0.0297191 0.0484073 0.921874 1
11.3 0.0451422 0.0643789 0.890479 1
11.4 0.0669148 0.0841352 0.84895 1
11.5 0.0970292 0.107898 0.795073 1
11.6 0.0517287 0.0782215 0.87005 1
11.7 0.0759965 0.101183 0.822821 1
11.8 0.10918 0.128335 0.762485 1
11.9 0.0569837 0.0927572 0.850259 1
12 0.0323661 0.0675662 0.900068 1
12.1 0.0487813 0.0885365 0.862682 1
12.2 0.0282266 0.0646149 0.907158 1
12.3 0.0176017 0.0478228 0.934575 1
12.4 0.0118821 0.0359812 0.952137 1
12.5 0.019415 0.0487792 0.931806 1
12.6 0.0128605 0.0366421 0.950497 1
12.7 0.00925276 0.0280479 0.962699 1
12.8 0.00722706 0.0219382 0.970835 1
12.9 0.0125874 0.0306211 0.956791 1
13 0.00907526 0.0237497 0.967175 1
13.1 0.0152807 0.0329482 0.951771 1
13.2 0.0243109 0.0447747 0.930914 1
13.3 0.0154851 0.0337479 0.950767 1
13.4 0.0245987 0.0457958 0.929606 1
13.5 0.0156312 0.0344632 0.949906 1
13.6 0.0248019 0.0467084 0.92849 1
13.7 0.0157317 0.0351018 0.949167 1
13.8 0.0107818 0.0268922 0.962326 1
13.9 0.0177383 0.0369749 0.945287 1
14 0.0118767 0.0282078 0.959915 1
14.1 0.00862591 0.0219849 0.969389 1
14.2 0.00679327 0.0175516 0.975655 1
14.3 0.011875 0.0248419 0.963283 1
14.4 0.00860341 0.0195714 0.971825 1
14.5 0.00675913 0.0158144 0.977427 1
14.6 0.00570674 0.0131289 0.981164 1
14.7 0.0102505 0.0190479 0.970702 1
14.8 0.00766506 0.0154223 0.976913 1
14.9 0.0131174 0.0220255 0.964857 1
15 0.0210843 0.0305776 0.948338 1
15.1 0.032634 0.0415455 0.925821 1
15.2 0.0491968 0.0554167 0.895386 1
15.3 0.0725966 0.0726162 0.854787 1
15.4 0.104988 0.0933538 0.801658 1
15.5 0.1486 0.117388 0.734012 1
15.6 0.205187 0.143726 0.651087 1
15.7 0.275144 0.170377 0.554479 1
15.8 0.356517 0.194369 0.449114 1
15.9 0.444504 0.212306 0.34319 1
16 0.532195 0.221463 0.246343 1
16.1 0.612693 0.2209 0.166408 1
16.2 0.681447 0.211799 0.106754 1
16.3 0.737225 0.196735 0.0660397 1
16.4 0.781332 0.17851 0.0401584 1
16.5 0.816131 0.15935 0.0245184 1
16.6 0.843946 0.140691 0.0153632 1
16.7 0.866601 0.123311 0.0100878 1
16.8 0.885392 0.107555 0.00705386 1
16.9 0.901199 0.0935123 0.00528918 1
17 0.914623 0.0811397 0.00423723 1
17.1 0.926089 0.0703249 0.00358608 1
17.2 0.935909 0.0609275 0.00316301 1
17.3 0.944328 0.052799 0.00287281 1
17.4 0.951543 0.0457937 0.00266284 1
17.5 0.957722 0.0397747 0.00250374 1
17.6 0.963005 0.034616 0.00237875 1
17.7 0.967518 0.0302042 0.002278 1
17.8 0.873932 0.105521 0.0205475 1
17.9 0.894938 0.092435 0.0126274 1
18 0.91127 0.0805433 0.00818658 1
18.1 0.924324 0.069975 0.00570079 1
18.2 0.934995 0.0607099 0.00429537 1
18.3 0.943859 0.0526578 0.0034831 1
18.4 0.951302 0.0457009 0.0029972 1
18.5 0.957592 0.0397156 0.00269287 1
18.6 0.962926 0.0345822 0.00249173 1
18.7 0.967458 0.0301905 0.00235118 1
18.8 0.971311 0.0264407 0.00224786 1
18.9 0.974587 0.0232444 0.0021687 1
19 0.97737 0.0205236 0.00210616 1
19.1 0.979734 0.0182104 0.00205573 1
19.2 0.98174 0.0162458 0.00201453 1
19.3 0.983441 0.0145787 0.00198063 1
19.4 0.984882 0.0131654 0.00195266 1
19.5 0.986102 0.011968 0.00192957 1
19.6 0.987135 0.0109542 0.00191057 1
19.7 0.988008 0.0100966 0.00189499 1
19.8 0.988746 0.00937147 0.0018823 1
19.9 0.989369 0.0087588 0.00187205 1
20 0.94869 0.0332527 0.018057 1
20.1 0.761598 0.101949 0.136453 1
20.2 0.822129 0.0950686 0.0828022 1
20.3 0.865286 0.086134 0.0485798 1
20.4 0.895235 0.0765731 0.0281917 1
20.5 0.916119 0.067302 0.0165789 1
20.6 0.93108 0.0587856 0.0101346 1
20.7 0.942201 0.051198 0.00660116 1
20.8 0.950778 0.044556 0.00466565 1
20.9 0.957602 0.0388024 0.003596 1
21 0.963156 0.0338505 0.00299343 1
21.1 0.96775 0.0296067 0.00264354 1
21.2 0.971588 0.0259802 0.00243171 1
21.3 0.974815 0.022888 0.00229675 1
21.4 0.977539 0.0202555 0.00220586 1
21.5 0.979841 0.0180175 0.0021413 1
21.6 0.98179 0.016117 0.0020933 1
21.7 0.983439 0.0145045 0.00205634 1
21.8 0.984835 0.0131376 0.00202721 1
21.9 0.986016 0.0119797 0.00200389 1
22 0.987015 0.0109996 0.00198509 1
22.1 0.98786 0.0101706 0.00196991 1
22.2 0.988573 0.00946979 0.00195769 1
22.3 0.989174 0.00887781 0.00194791 1
22.4 0.989682 0.00837811 0.00194019 1
22.5000000000001 0.990109 0.00795663 0.00193418 1
22.6000000000001 0.990469 0.00760144 0.00192963 1
22.7000000000001 0.990771 0.0073024 0.0019263 1
22.8000000000001 0.991025 0.0070509 0.00192402 1
22.9000000000001 0.991238 0.00683967 0.00192261 1
23.0000000000001 0.991416 0.00666253 0.00192194 1
23.1000000000001 0.991564 0.00651424 0.00192191 1
23.2000000000001 0.991687 0.00639036 0.00192241 1
23.3000000000001 0.991789 0.00628715 0.00192336 1
23.4000000000001 0.991874 0.00620142 0.0019247 1
23.5000000000001 0.991943 0.00613049 0.00192637 1
23.6000000000001 0.992 0.00607208 0.00192831 1
23.7000000000001 0.957723 0.0235325 0.0187442 1
23.8000000000001 0.968033 0.0210346 0.0109321 1
23.9000000000001 0.974436 0.0188085 0.00675516 1
24.0000000000001 0.978589 0.0168689 0.00454219 1
24.1000000000001 0.981427 0.0152 0.00337277 1
24.2000000000001 0.983473 0.0137742 0.00275328 1
24.3000000000001 0.985016 0.0125612 0.00242273 1
24.4000000000001 0.986224 0.0115319 0.00224412 1
24.5000000000001 0.987194 0.01066 0.00214577 1
24.6000000000001 0.987987 0.00992239 0.00209021 1
24.7000000000001 0.988643 0.00929897 0.00205779 1
24.8000000000001 0.989189 0.00877255 0.00203819 1
24.9000000000001 0.989646 0.00832845 0.00202593 1
25.0000000000001 0.990028 0.00795413 0.00201805 1
25.1000000000001 0.990348 0.00763895 0.00201295 1
25.2000000000001 0.990616 0.00737387 0.00200971 1
25.3000000000001 0.990841 0.00715121 0.00200779 1
25.4000000000001 0.991029 0.00696447 0.00200687 1
25.5000000000001 0.991185 0.00680814 0.00200671 1
25.6000000000001 0.95432 0.0262317 0.0194478 1
25.7000000000001 0.965245 0.0233903 0.0113643 1
25.8000000000001 0.829175 0.0776476 0.0931773 1
25.9000000000001 0.443306 0.143454 0.413241 1
26.0000000000001 0.182526 0.121326 0.696147 1
26.1000000000001 0.0890263 0.0882714 0.822702 1
26.2000000000001 0.126982 0.111736 0.761282 1
26.3000000000001 0.06518 0.0807557 0.854064 1
26.4000000000001 0.0943503 0.103477 0.802173 1
26.5000000000001 0.133813 0.129941 0.736246 1
26.6000000000001 0.0677902 0.093832 0.838378 1
26.7000000000001 0.0373703 0.067939 0.894691 1
26.8000000000001 0.021978 0.0497159 0.928306 1
26.9000000000001 0.0335386 0.0657885 0.900673 1
27.0000000000001 0.0199557 0.0482048 0.931839 1
27.1000000000001 0.012667 0.0357798 0.951553 1
27.2000000000001 0.00863623 0.026956 0.964408 1
27.3000000000001 0.0063598 0.0206643 0.972976 1
27.4000000000001 0.0050528 0.0161648 0.978782 1
27.5000000000001 0.00429141 0.0129397 0.982769 1
27.6000000000001 0.00384145 0.0106242 0.985534 1
27.7000000000001 0.00357134 0.00895933 0.987469 1
27.8000000000001 0.00663643 0.013137 0.980227 1
27.9000000000001 0.00515995 0.0107536 0.984086 1
28.0000000000001 0.0089767 0.015484 0.975539 1
28.1000000000001 0.00648278 0.0124276 0.98109 1
28.2000000000001 0.00506184 0.0102368 0.984701 1
28.3000000000001 0.00882209 0.0147972 0.976381 1
28.4000000000001 0.0143566 0.0207564 0.964887 1
28.5000000000001 0.0224563 0.028491 0.949053 1
28.6000000000001 0.013981 0.0216873 0.964332 1
28.7000000000001 0.0219053 0.0297032 0.948391 1
28.8000000000001 0.0334147 0.0400059 0.926579 1
28.9000000000001 0.0199074 0.0298529 0.95024 1
29.0000000000001 0.0125731 0.0226578 0.964769 1
29.1000000000001 0.0198444 0.0309737 0.949182 1
29.2000000000001 0.0125349 0.0234534 0.964012 1
29.3000000000001 0.00847161 0.0180978 0.973431 1
29.4000000000001 0.00617617 0.0142697 0.979554 1
29.5000000000001 0.00486358 0.0115262 0.98361 1
29.6000000000002 0.00410505 0.00955614 0.986339 1
29.7000000000002 0.00366202 0.00813915 0.988199 1
29.8000000000002 0.00340014 0.00711851 0.989481 1
29.9000000000002 0.00631945 0.0106585 0.983022 1
30.0000000000002 0.00491449 0.00892063 0.986165 1
30.1000000000002 0.00855295 0.013021 0.978426 1
30.2000000000002 0.0139113 0.018386 0.967703 1
30.3000000000002 0.0217606 0.0253618 0.952878 1
30.4000000000002 0.0331747 0.0343505 0.932475 1
30.5000000000002 0.019756 0.0257917 0.954452 1
30.6000000000002 0.0302631 0.034929 0.934808 1
30.7000000000002 0.0181793 0.0262085 0.955612 1
30.8000000000002 0.0115734 0.0200182 0.968408 1
30.9000000000002 0.00788506 0.0156031 0.976512 1
31.0000000000002 0.0129225 0.0217571 0.96532 1
31.1000000000002 0.00863916 0.0168407 0.97452 1
31.2000000000002 0.0140275 0.0233673 0.962605 1
31.3000000000002 0.00925458 0.017986 0.972759 1
31.4000000000002 0.0149281 0.0248562 0.960216 1
31.5000000000002 0.0232255 0.0337547 0.94302 1
31.6000000000002 0.0143351 0.0253744 0.96029 1
31.7000000000002 0.00942197 0.0194123 0.971166 1
31.8000000000002 0.0151688 0.0267107 0.958121 1
31.9000000000002 0.0235696 0.0361539 0.940277 1
32.0000000000002 0.0357433 0.0482409 0.916016 1
32.1000000000002 0.0210634 0.0356367 0.9433 1
32.2000000000002 0.0131408 0.0267115 0.960148 1
32.3000000000002 0.0206077 0.0361732 0.943219 1
32.4000000000002 0.0128874 0.0270916 0.960021 1
32.5000000000002 0.00860442 0.0206273 0.970768 1
32.6000000000002 0.00618525 0.0160083 0.977806 1
32.7000000000002 0.00480017 0.0126986 0.982501 1
32.8000000000002 0.00833918 0.0179274 0.973733 1
32.9000000000002 0.00601787 0.0140667 0.979915 1
33.0000000000002 0.00468922 0.0112985 0.984012 1
33.1000000000002 0.00392069 0.00930982 0.986769 1
33.2000000000002 0.00701888 0.0134658 0.979515 1
33.3000000000002 0.0115912 0.0189098 0.969499 1
33.4000000000002 0.0183051 0.0260001 0.955695 1
33.5000000000002 0.0280964 0.0351587 0.936745 1
33.6000000000002 0.0422429 0.0468513 0.910906 1
33.7000000000002 0.0624211 0.0615317 0.876047 1
33.8000000000002 0.0907003 0.0795325 0.829767 1
33.9000000000002 0.0487047 0.0576675 0.893628 1
34.0000000000002 0.0278185 0.0422526 0.929929 1
34.1000000000002 0.0418113 0.0559622 0.902227 1
34.2000000000002 0.0242117 0.0410626 0.934726 1
34.3000000000002 0.0148192 0.0305279 0.954653 1
34.4000000000002 0.0230149 0.0410648 0.93592 1
34.5000000000002 0.0141637 0.0305301 0.955306 1
34.6000000000002 0.0220574 0.0410737 0.936869 1
34.7000000000002 0.0335015 0.054554 0.911945 1
34.8000000000002 0.0198003 0.0400832 0.940116 1
34.9000000000002 0.012399 0.0298344 0.957767 1
35.0000000000002 0.0194782 0.0401892 0.940333 1
35.1000000000002 0.0297668 0.0534595 0.916774 1
35.2000000000002 0.0177969 0.0393132 0.94289 1
35.3000000000002 0.0273287 0.0523596 0.920312 1
35.4000000000002 0.0410545 0.0688804 0.890065 1
35.5000000000002 0.0605313 0.089405 0.850064 1
35.6000000000002 0.0876277 0.114232 0.79814 1
35.7000000000002 0.124342 0.143164 0.732493 1
35.8000000000002 0.172387 0.175174 0.652439 1
35.9000000000002 0.232495 0.2081 0.559405 1
36.0000000000002 0.303599 0.238626 0.457776 1
36.1000000000002 0.382291 0.262803 0.354906 1
36.2000000000002 0.463184 0.277201 0.259615 1
36.3000000000002 0.54038 0.280189 0.179432 1
36.4000000000002 0.609365 0.272519 0.118115 1
36.5000000000002 0.668123 0.256766 0.0751106 1
36.6000000000003 0.716888 0.236109 0.0470035 1
36.7000000000003 0.757116 0.213322 0.0295622 1
36.8000000000003 0.790539 0.190362 0.0190988 1
36.9000000000003 0.480724 0.415612 0.103663 1
37.0000000000003 0.534801 0.396503 0.0686962 1
37.1000000000003 0.584022 0.370611 0.0453665 1
37.2000000000003 0.62863 0.340981 0.0303885 1
37.3000000000003 0.669072 0.309929 0.0209981 1
37.4000000000003 0.705787 0.279046 0.0151673 1
37.5000000000003 0.739123 0.249347 0.0115309 1
37.6000000000003 0.769339 0.22144 0.00922063 1
37.7000000000003 0.796636 0.195659 0.00770477 1
37.8000000000003 0.821182 0.172152 0.00666611 1
37.9000000000003 0.843137 0.150944 0.00591862 1
38.0000000000003 0.862665 0.131981 0.00535422 1
38.1000000000003 0.879937 0.115153 0.00491019 1
38.2000000000003 0.895132 0.100318 0.00454973 1
38.3000000000003 0.908433 0.0873158 0.00425073 1
38.4000000000003 0.920024 0.0759767 0.00399934 1
38.5000000000003 0.737007 0.231426 0.0315678 1
38.6000000000003 0.772266 0.207252 0.0204823 1
38.7000000000003 0.456694 0.43626 0.107045 1
38.8000000000003 0.510428 0.418117 0.0714545 1
38.9000000000003 0.559908 0.392577 0.0475147 1
39.0000000000003 0.605231 0.362747 0.0320219 1
39.1000000000003 0.646721 0.331044 0.0222352 1
39.2000000000003 0.684713 0.299171 0.0161165 1
39.3000000000003 0.719478 0.268245 0.0122775 1
39.4000000000003 0.751211 0.238963 0.00982589 1
39.5000000000003 0.444385 0.502726 0.0528884 1
39.6000000000003 0.489757 0.473309 0.0369334 1
39.7000000000003 0.533383 0.440104 0.0265126 1
39.8000000000003 0.575183 0.405049 0.0197675 1
39.9000000000003 0.280753 0.641125 0.0781214 1
40.0000000000003 0.320685 0.623477 0.0558375 1
40.1000000000003 0.361233 0.598174 0.0405928 1
40.2000000000003 0.402196 0.567465 0.0303394 1
40.3000000000003 0.443356 0.533161 0.0234827 1
40.4000000000003 0.484453 0.496678 0.0188691 1
40.5000000000003 0.525177 0.459117 0.0157055 1
40.6000000000003 0.565179 0.421354 0.013467 1
40.7000000000003 0.604095 0.384089 0.0118156 1
40.8000000000003 0.641568 0.347892 0.0105395 1
40.9000000000003 0.677273 0.313218 0.00950842 1
41.0000000000003 0.368017 0.585891 0.046092 1
41.1000000000003 0.159192 0.708401 0.132407 1
41.2000000000003 0.0687583 0.662163 0.269078 1
41.3000000000003 0.0891517 0.70619 0.204658 1
41.4000000000003 0.0414012 0.599929 0.358669 1
41.5000000000003 0.0568583 0.660447 0.282695 1
41.6000000000003 0.0287368 0.527319 0.443944 1
41.7000000000003 0.041413 0.59689 0.361697 1
41.8000000000003 0.0568936 0.657723 0.285384 1
41.9000000000003 0.075083 0.706183 0.218734 1
42.0000000000003 0.0957811 0.740403 0.163816 1
42.1000000000003 0.118766 0.760352 0.120882 1
42.2000000000003 0.0530499 0.703683 0.243267 1
42.3000000000003 0.0272094 0.574382 0.398409 1
42.4000000000003 0.0165473 0.432037 0.551416 1
42.5000000000003 0.0115295 0.312214 0.676256 1
42.6000000000003 0.0188439 0.379446 0.60171 1
42.7000000000003 0.0287769 0.450824 0.520399 1
42.8000000000003 0.0417036 0.522248 0.436048 1
42.9000000000003 0.0578184 0.588833 0.353348 1
43.0000000000003 0.077093 0.645867 0.27704 1
43.1000000000003 0.0993047 0.689853 0.210842 1
43.2000000000003 0.0453668 0.585778 0.368855 1
43.3000000000003 0.0618493 0.646622 0.291529 1
43.4000000000003 0.0811578 0.695203 0.223639 1
43.5000000000003 0.103056 0.729492 0.167452 1
43.6000000000004 0.127284 0.749335 0.123381 1
43.7000000000004 0.056349 0.694891 0.24876 1
43.8000000000004 0.0739465 0.737468 0.188585 1
43.9000000000004 0.0938639 0.765767 0.140369 1
44.0000000000004 0.0432798 0.687181 0.269539 1
44.1000000000004 0.0584333 0.735384 0.206183 1
44.2000000000004 0.0293487 0.616515 0.354136 1
44.3000000000004 0.0418563 0.678777 0.279367 1
44.4000000000004 0.0567856 0.728803 0.214411 1
44.5000000000004 0.0740247 0.76489 0.161085 1
44.6000000000004 0.0934383 0.787089 0.119473 1
44.7000000000004 0.114921 0.796722 0.0883575 1
44.8000000000004 0.138418 0.795719 0.0658626 1
44.9000000000004 0.163922 0.786084 0.0499939 1
45.0000000000004 0.191447 0.76958 0.0389727 1
45.1000000000004 0.221 0.747632 0.0313687 1
45.2000000000004 0.252557 0.721336 0.0261065 1
45.3000000000004 0.286047 0.691539 0.022414 1
45.4000000000004 0.124022 0.810556 0.065422 1
45.5000000000004 0.147849 0.802232 0.0499188 1
45.6000000000004 0.173711 0.787152 0.0391371 1
45.7000000000004 0.20164 0.766675 0.0316852 1
45.8000000000004 0.231639 0.741843 0.0265182 1
45.9000000000004 0.263669 0.713446 0.0228855 1
46.0000000000004 0.297633 0.682102 0.0202646 1
46.1000000000004 0.333368 0.648332 0.0183006 1
46.2000000000004 0.370638 0.612605 0.0167573 1
46.3000000000004 0.163925 0.781505 0.0545698 1
46.4000000000004 0.191672 0.766318 0.0420104 1
46.5000000000004 0.22142 0.745235 0.0333455 1
46.6000000000004 0.253145 0.719484 0.0273702 1
46.7000000000004 0.286776 0.690016 0.0232082 1
46.8000000000004 0.322177 0.657577 0.0202455 1
46.9000000000004 0.140529 0.79777 0.0617012 1
47.0000000000004 0.166093 0.786773 0.0471342 1
47.1000000000004 0.193688 0.769273 0.0370383 1
47.2000000000004 0.223323 0.746604 0.030073 1
47.3000000000004 0.254972 0.719786 0.0252424 1
47.4000000000004 0.288556 0.689606 0.0218372 1
47.5000000000004 0.323935 0.656698 0.0193674 1
47.6000000000004 0.360895 0.621602 0.0175028 1
47.7000000000004 0.399156 0.584819 0.0160251 1
47.8000000000004 0.178274 0.767877 0.0538484 1
47.9000000000004 0.207421 0.751259 0.0413202 1
48.0000000000004 0.238515 0.72879 0.0326949 1
48.1000000000004 0.271508 0.701733 0.0267587 1
48.2000000000004 0.306298 0.671071 0.022631 1
48.3000000000004 0.342719 0.637585 0.0196963 1
48.4000000000004 0.150158 0.788531 0.0613104 1
48.5000000000004 0.17676 0.776525 0.0467153 1
48.6000000000004 0.205374 0.758012 0.0366141 1
48.7000000000004 0.235993 0.734352 0.0296551 1
48.8000000000004 0.268573 0.706592 0.0248355 1
48.9000000000004 0.303013 0.675545 0.0214421 1
49.0000000000004 0.339146 0.64187 0.0189834 1
49.1000000000004 0.376735 0.606136 0.0171288 1
49.2000000000004 0.415472 0.568867 0.0156607 1
49.3000000000004 0.186747 0.75967 0.0535823 1
49.4000000000004 0.216698 0.742285 0.0410164 1
49.5000000000004 0.248557 0.719066 0.0323771 1
49.6000000000004 0.282258 0.691302 0.0264401 1
49.7000000000004 0.317683 0.659998 0.0223182 1
49.8000000000004 0.354649 0.625959 0.0193923 1
49.9000000000004 0.392899 0.589858 0.0172428 1
50.0000000000004 0.174918 0.768 0.0570827 1
50.1000000000004 0.203897 0.752597 0.0435064 1
50.2000000000004 0.23482 0.731028 0.034153 1
50.3000000000004 0.26764 0.704634 0.0277259 1
50.4000000000004 0.302264 0.674461 0.0232754 1
50.5000000000004 0.338534 0.641332 0.0201334 1
50.6000000000004 0.148143 0.789588 0.0622694 1
50.7000000000005 0.174558 0.778068 0.0473748 1
50.8000000000005 0.202986 0.759951 0.0370624 1
50.9000000000005 0.233425 0.736615 0.02996 1
51.0000000000005 0.265833 0.70912 0.0250464 1
51.1000000000005 0.114962 0.814158 0.0708803 1
51.2000000000005 0.137861 0.808395 0.0537434 1
51.3000000000005 0.162787 0.795426 0.0417866 1
51.4000000000005 0.0713306 0.826495 0.102174 1
51.5000000000005 0.0892033 0.834388 0.0764082 1
51.6000000000005 0.109002 0.833022 0.0579763 1
51.7000000000005 0.130774 0.824185 0.0450416 1
51.8000000000005 0.154583 0.809354 0.0360636 1
51.9000000000005 0.180488 0.789664 0.0298475 1
52.0000000000005 0.0788174 0.843927 0.0772552 1
52.1000000000005 0.0972543 0.84401 0.0587359 1
52.2000000000005 0.117624 0.836655 0.0457211 1
52.3000000000005 0.0532187 0.83992 0.106861 1
52.4000000000005 0.0275258 0.76202 0.210454 1
52.5000000000005 0.0170578 0.629702 0.35324 1
52.6000000000005 0.0264707 0.694271 0.279258 1
52.7000000000005 0.037998 0.747004 0.214998 1
52.8000000000005 0.0516014 0.786203 0.162195 1
52.9000000000005 0.0266678 0.679486 0.293846 1
53.0000000000005 0.0382703 0.734469 0.227261 1
53.1000000000005 0.0520013 0.776055 0.171943 1
53.2000000000005 0.0677847 0.803935 0.128281 1
53.3000000000005 0.0855538 0.819157 0.0952893 1
53.4000000000005 0.10528 0.823502 0.0712179 1
53.5000000000005 0.126979 0.818914 0.0541075 1
53.6000000000005 0.056793 0.818731 0.124476 1
53.7000000000005 0.0288152 0.732241 0.238944 1
53.8000000000005 0.0407042 0.777581 0.181715 1
53.9000000000005 0.0223259 0.659043 0.318631 1
54.0000000000005 0.0329707 0.718366 0.248664 1
54.1000000000005 0.0190745 0.580572 0.400353 1
54.2000000000005 0.0129539 0.435707 0.551339 1
54.3000000000005 0.0208981 0.510419 0.468683 1
54.4000000000005 0.0312882 0.582785 0.385927 1
54.5000000000005 0.0442733 0.647983 0.307744 1
54.6000000000005 0.0235282 0.508719 0.467753 1
54.7000000000005 0.0346594 0.580504 0.384836 1
54.8000000000005 0.0484854 0.644969 0.306546 1
54.9000000000005 0.0649776 0.69807 0.236952 1
55.0000000000005 0.0839856 0.737379 0.178635 1
55.1000000000005 0.105314 0.762336 0.13235 1
55.2000000000005 0.12879 0.77391 0.0972992 1
55.3000000000005 0.0570145 0.737852 0.205134 1
55.4000000000005 0.0740644 0.772223 0.153713 1
55.5000000000005 0.0354168 0.678802 0.285781 1
55.6000000000005 0.0488724 0.7311 0.220028 1
55.7000000000005 0.0645619 0.769689 0.165749 1
55.8000000000005 0.082378 0.794448 0.123174 1
55.9000000000005 0.102234 0.806574 0.0911919 1
56.0000000000005 0.0466597 0.7626 0.190741 1
56.1000000000005 0.061645 0.795497 0.142858 1
56.2000000000005 0.0786321 0.815239 0.106129 1
56.3000000000005 0.0373597 0.749813 0.212827 1
56.4000000000005 0.0507726 0.78876 0.160468 1
56.5000000000005 0.0661723 0.81424 0.119588 1
56.6000000000005 0.0835101 0.827524 0.0889654 1
56.7000000000005 0.0393536 0.776237 0.184409 1
56.8000000000005 0.0529472 0.808856 0.138197 1
56.9000000000005 0.068455 0.828644 0.102901 1
57.0000000000005 0.0334013 0.760553 0.206045 1
57.1000000000005 0.0460069 0.798738 0.155255 1
57.2000000000005 0.0244326 0.692579 0.282988 1
57.3000000000005 0.0354485 0.746361 0.21819 1
57.4000000000005 0.0485067 0.786713 0.16478 1
57.5000000000005 0.0253733 0.677724 0.296902 1
57.6000000000005 0.0158202 0.532143 0.452036 1
57.7000000000006 0.0247303 0.604943 0.370327 1
57.8000000000006 0.0359691 0.669979 0.294052 1
57.9000000000006 0.0495559 0.723489 0.226956 1
58.0000000000006 0.0654133 0.76337 0.171217 1
58.1000000000006 0.0834268 0.789312 0.127261 1
58.2000000000006 0.1035 0.802397 0.0941033 1
58.3000000000006 0.0470993 0.756937 0.195964 1
58.4000000000006 0.0621776 0.79095 0.146872 1
58.5000000000006 0.0792754 0.811661 0.109063 1
58.6000000000006 0.0983437 0.820592 0.0810644 1
58.7000000000006 0.0451724 0.782545 0.172282 1
58.8000000000006 0.0596786 0.811636 0.128685 1
58.9000000000006 0.0761107 0.828179 0.0957101 1
59.0000000000006 0.0363873 0.768602 0.195011 1
59.1000000000006 0.0204909 0.644182 0.335327 1
59.2000000000006 0.0306271 0.706118 0.263255 1
59.3000000000006 0.018003 0.565473 0.416524 1
59.4000000000006 0.027509 0.635781 0.33671 1
59.5000000000006 0.016555 0.490178 0.493267 1
59.6000000000006 0.0114733 0.358205 0.630322 1
59.7000000000006 0.0186568 0.429599 0.551744 1
59.8000000000006 0.0283104 0.503046 0.468644 1
59.9000000000006 0.0407181 0.573926 0.385356 1
60.0000000000006 0.0219841 0.435107 0.542909 1
60.1000000000006 0.0326681 0.507969 0.459362 1
60.2000000000006 0.0462576 0.577621 0.376122 1
60.3000000000006 0.0628255 0.639214 0.297961 1
60.4000000000006 0.0822571 0.688814 0.228929 1
60.5000000000006 0.104313 0.724195 0.171492 1
60.6000000000006 0.128723 0.745032 0.126245 1
60.7000000000006 0.15526 0.7525 0.09224 1
60.8000000000006 0.183774 0.748591 0.0676356 1
60.9000000000006 0.214177 0.735491 0.0503328 1
61.0000000000006 0.246411 0.715194 0.0383953 1
61.1000000000006 0.280407 0.689353 0.0302404 1
61.2000000000006 0.316054 0.659276 0.0246705 1
61.3000000000006 0.35318 0.625994 0.020826 1
61.4000000000006 0.391542 0.590346 0.0181123 1
61.5000000000006 0.430827 0.553043 0.0161298 1
61.6000000000006 0.470662 0.514721 0.0146165 1
61.7000000000006 0.510626 0.475969 0.0134043 1
61.8000000000006 0.550275 0.437338 0.0123879 1
61.9000000000006 0.589157 0.399339 0.0115035 1
62.0000000000006 0.626846 0.362441 0.0107134 1
62.1000000000006 0.662952 0.327051 0.00999637 1
62.2000000000006 0.697148 0.293511 0.00934098 1
62.3000000000006 0.729176 0.262083 0.00874132 1
62.4000000000006 0.758854 0.232952 0.00819426 1
62.5000000000006 0.786079 0.206223 0.00769783 1
62.6000000000006 0.81082 0.181929 0.00725031 1
62.7000000000006 0.833108 0.160042 0.00684973 1
62.8000000000006 0.853027 0.140479 0.00649374 1
62.9000000000006 0.8707 0.123121 0.00617957 1
63.0000000000006 0.886278 0.107818 0.00590414 1
63.1000000000006 0.899931 0.0944049 0.00566418 1
63.2000000000006 0.911834 0.0827096 0.00545633 1
63.3000000000006 0.922165 0.0725579 0.00527728 1
63.4000000000006 0.931095 0.0637813 0.00512383 1
63.5000000000006 0.938787 0.0562201 0.00499298 1
63.6000000000006 0.945392 0.0497258 0.00488193 1
63.7000000000006 0.951049 0.0441627 0.00478815 1
63.8000000000006 0.955882 0.0394084 0.00470935 1
63.9000000000006 0.960003 0.0353537 0.0046435 1
64.0000000000006 0.963509 0.0319018 0.00458879 1
64.1000000000006 0.966488 0.0289679 0.00454365 1
64.2000000000006 0.859105 0.100516 0.0403791 1
64.3000000000006 0.885731 0.089702 0.0245674 1
64.4000000000006 0.904885 0.0794553 0.0156592 1
64.5000000000006 0.919103 0.0701571 0.0107398 1
64.6000000000006 0.930028 0.061927 0.00804457 1
64.7000000000006 0.938686 0.0547487 0.00656535 1
64.8000000000006 0.945711 0.0485442 0.0057446 1
64.9000000000006 0.951507 0.0432129 0.00527979 1
65.0000000000006 0.956341 0.0386502 0.00500839 1
65.1000000000006 0.9604 0.0347568 0.00484345 1
65.2000000000006 0.96382 0.0314419 0.00473844 1
65.3000000000006 0.966707 0.028625 0.00466832 1
65.4000000000006 0.969146 0.0262348 0.00461943 1
65.5000000000006 0.971206 0.0242096 0.00458419 1
65.6000000000005 0.972946 0.0224957 0.00455828 1
65.7000000000005 0.974414 0.0210471 0.00453908 1
65.8000000000005 0.975651 0.0198241 0.00452498 1
65.9000000000005 0.976692 0.0187929 0.00451487 1
66.0000000000005 0.977568 0.0179243 0.00450799 1
66.1000000000005 0.978302 0.0171938 0.00450375 1
66.2000000000005 0.978918 0.0165803 0.00450172 1
66.3000000000005 0.979433 0.0160659 0.00450153 1
66.4000000000005 0.979862 0.0156353 0.00450289 1
66.5000000000005 0.980219 0.0152758 0.00450556 1
66.6000000000005 0.980514 0.0149764 0.00450933 1
66.7000000000005 0.980758 0.0147278 0.00451403 1
66.8000000000005 0.980958 0.0145223 0.00451953 1
66.9000000000005 0.981121 0.014353 0.0045257 1
67.0000000000005 0.981253 0.0142145 0.00453245 1
67.1000000000005 0.981358 0.014102 0.00453968 1
67.2000000000005 0.981441 0.0140114 0.00454732 1
67.3000000000005 0.981505 0.0139394 0.00455532 1
67.4000000000004 0.981553 0.0138831 0.00456361 1
67.5000000000004 0.981588 0.0138401 0.00457217 1
67.6000000000004 0.981611 0.0138083 0.00458095 1
67.7000000000004 0.981624 0.0137859 0.00458991 1
67.8000000000004 0.981629 0.0137716 0.00459905 1
67.9000000000004 0.981628 0.0137641 0.00460832 1
68.0000000000004 0.98162 0.0137623 0.00461772 1
68.1000000000004 0.981607 0.0137654 0.00462723 1
68.2000000000004 0.981591 0.0137726 0.00463683 1
68.3000000000004 0.98157 0.0137832 0.00464652 1
68.4000000000004 0.981547 0.0137969 0.00465628 1
68.5000000000004 0.981521 0.013813 0.00466611 1
68.6000000000004 0.981493 0.0138312 0.004676 1
68.7000000000004 0.981463 0.0138513 0.00468594 1
68.8000000000004 0.981431 0.0138729 0.00469594 1
68.9000000000004 0.981398 0.0138958 0.00470598 1
69.0000000000004 0.981364 0.0139198 0.00471606 1
69.1000000000004 0.981329 0.0139447 0.00472618 1
69.2000000000003 0.981293 0.0139705 0.00473634 1
69.3000000000003 0.981256 0.013997 0.00474654 1
69.4000000000003 0.981219 0.014024 0.00475677 1
69.5000000000003 0.981181 0.0140516 0.00476703 1
69.6000000000003 0.981143 0.0140797 0.00477733 1
69.7000000000003 0.981104 0.0141081 0.00478765 1
69.8000000000003 0.981065 0.0141369 0.004798 1
69.9000000000003 0.981026 0.014166 0.00480839 1
70.0000000000003 0.903253 0.0523317 0.044415 1
70.1000000000003 0.925937 0.0475685 0.0264941 1
70.2000000000003 0.940416 0.0430255 0.0165583 1
70.3000000000003 0.949903 0.0389144 0.0111831 1
70.4000000000003 0.956387 0.0353003 0.00831228 1
70.5000000000003 0.961039 0.0321744 0.00678704 1
70.6000000000003 0.964527 0.0294962 0.00597656 1
70.7000000000003 0.967241 0.0272146 0.00554397 1
70.8000000000003 0.969411 0.025278 0.00531116 1
70.9000000000002 0.971177 0.0236384 0.00518445 1
71.0000000000002 0.972633 0.0222528 0.00511462 1
71.1000000000002 0.97384 0.021084 0.00507577 1
71.2000000000002 0.878921 0.0752175 0.0458616 1
71.3000000000002 0.561412 0.176403 0.262184 1
71.4000000000002 0.646204 0.176639 0.177156 1
71.5000000000002 0.716823 0.169729 0.113448 1
71.6000000000002 0.771996 0.157858 0.0701467 1
71.7000000000002 0.813624 0.143451 0.0429256 1
71.8000000000002 0.844841 0.128412 0.0267462 1
71.9000000000002 0.8686 0.113928 0.0174715 1
72.0000000000002 0.887136 0.100602 0.0122619 1
72.1000000000002 0.901973 0.0886685 0.0093588 1
72.2000000000002 0.914106 0.0781577 0.00773665 1
72.3000000000002 0.924184 0.0689974 0.00681849 1
72.4000000000002 0.932643 0.061071 0.0062864 1
72.5000000000002 0.939786 0.054247 0.00596728 1
72.6000000000002 0.945838 0.0483946 0.00576738 1
72.7000000000001 0.950973 0.0433908 0.00563592 1
72.8000000000001 0.955332 0.0391229 0.00554525 1
72.9000000000001 0.959029 0.0354905 0.00548008 1
73.0000000000001 0.962164 0.0324044 0.0054318 1
73.1000000000001 0.964818 0.0297868 0.00539535 1
73.2000000000001 0.967063 0.0275697 0.00536764 1
73.3000000000001 0.968959 0.0256945 0.00534669 1
73.4000000000001 0.970559 0.0241104 0.00533112 1
73.5000000000001 0.971906 0.0227739 0.00531992 1
73.6000000000001 0.97304 0.0216479 0.00531235 1
73.7000000000001 0.875163 0.0770016 0.0478354 1
73.8000000000001 0.901657 0.0694806 0.0288623 1
73.9000000000001 0.919546 0.0622485 0.0182057 1
74.0000000000001 0.93197 0.0556569 0.012373 1
74.1000000000001 0.737656 0.168546 0.0937981 1
74.2000000000001 0.363006 0.273674 0.363321 1
74.3000000000001 0.442013 0.290152 0.267835 1
74.4 0.518308 0.294924 0.186767 1
74.5 0.214473 0.324403 0.461124 1
74.6 0.274215 0.361253 0.364532 1
74.7 0.338636 0.387254 0.27411 1
74.8 0.138846 0.347084 0.514071 1
74.9 0.182632 0.396386 0.420982 1
75 0.232657 0.437539 0.329803 1
75.1 0.286846 0.466206 0.246948 1
75.2 0.118409 0.417471 0.46412 1
75.3 0.154903 0.470679 0.374418 1
75.4 0.0684809 0.368929 0.56259 1
75.5 0.0934507 0.431036 0.475513 1
75.6 0.123709 0.489139 0.387152 1
75.7 0.158765 0.53816 0.303076 1
75.8 0.197653 0.573968 0.228379 1
75.9 0.239172 0.594403 0.166425 1
76 0.282184 0.599564 0.118252 1
76.1 0.325818 0.591327 0.0828551 1
76.1999999999999 0.369506 0.572469 0.0580248 1
76.2999999999999 0.412912 0.545877 0.0412114 1
76.3999999999999 0.181352 0.693196 0.125452 1
76.4999999999999 0.214586 0.695241 0.0901727 1
76.5999999999999 0.249431 0.685717 0.0648525 1
76.6999999999999 0.285685 0.667062 0.0472529 1
76.7999999999999 0.323192 0.641516 0.0352915 1
76.8999999999999 0.13952 0.760062 0.100418 1
76.9999999999999 0.166261 0.760412 0.0733273 1
77.0999999999999 0.194954 0.750912 0.0541341 1
77.1999999999999 0.0836989 0.785459 0.130842 1
77.2999999999999 0.038717 0.708278 0.253005 1
77.3999999999999 0.052167 0.755361 0.192472 1
77.4999999999999 0.0676876 0.788643 0.143669 1
77.5999999999999 0.0852054 0.808641 0.106154 1
77.6999999999999 0.0393884 0.74701 0.213602 1
77.7999999999999 0.0526727 0.786643 0.160684 1
77.8999999999998 0.0678945 0.812816 0.119289 1
77.9999999999998 0.0850176 0.826739 0.0882435 1
78.0999999999998 0.104045 0.830225 0.0657292 1
78.1999999999998 0.12502 0.825171 0.0498084 1
78.2999999999998 0.148008 0.813248 0.0387436 1
78.3999999999998 0.0649532 0.840868 0.094179 1
78.4999999999998 0.081198 0.848541 0.0702607 1
78.5999999999998 0.0992867 0.847478 0.053235 1
78.6999999999998 0.119296 0.839365 0.0413387 1
78.7999999999998 0.141317 0.825563 0.0331202 1
78.8999999999998 0.0623437 0.855984 0.0816722 1
78.9999999999998 0.0779945 0.860547 0.0614588 1
79.0999999999998 0.095453 0.857351 0.0471964 1
79.1999999999998 0.114811 0.847907 0.0372817 1
79.2999999999998 0.136171 0.833385 0.030444 1
79.3999999999998 0.159627 0.81464 0.0257324 1
79.4999999999998 0.185254 0.792284 0.0224623 1
79.5999999999998 0.0805595 0.859278 0.060162 1
79.6999999999997 0.0377784 0.830744 0.131477 1
79.7999999999997 0.0501053 0.8521 0.0977948 1
79.8999999999997 0.064111 0.862833 0.0730564 1
79.9999999999997 0.0798453 0.864784 0.0553705 1
80.0999999999997 0.0973891 0.859643 0.0429683 1
80.1999999999997 0.116843 0.84878 0.0343775 1
80.2999999999997 0.138312 0.833229 0.0284594 1
80.3999999999997 0.0611705 0.867496 0.0713339 1
80.4999999999997 0.0764442 0.869361 0.0541947 1
80.5999999999997 0.0935012 0.864312 0.0421865 1
80.6999999999997 0.0430217 0.859595 0.0973829 1
80.7999999999997 0.0227693 0.784059 0.193172 1
80.8999999999997 0.0326011 0.822302 0.145097 1
80.9999999999997 0.0440721 0.847917 0.108011 1
81.0999999999997 0.05719 0.862342 0.0804684 1
81.1999999999997 0.0719944 0.867395 0.0606108 1
81.2999999999997 0.088558 0.864839 0.0466035 1
81.3999999999997 0.106978 0.856155 0.0368671 1
81.4999999999996 0.0484149 0.864211 0.0873736 1
81.5999999999996 0.0248964 0.79816 0.176944 1
81.6999999999996 0.0350636 0.832531 0.132405 1
81.7999999999996 0.046854 0.85467 0.0984765 1
81.8999999999996 0.0602853 0.866187 0.0735279 1
81.9999999999996 0.0754088 0.868917 0.0556743 1
82.0999999999996 0.0923066 0.864547 0.0431459 1
82.1999999999996 0.0424765 0.858341 0.0991822 1
82.2999999999996 0.0552137 0.870688 0.0740982 1
82.3999999999996 0.0695989 0.874272 0.0561295 1
82.4999999999996 0.0857144 0.870777 0.0435087 1
82.5999999999996 0.103664 0.861578 0.0347573 1
82.6999999999996 0.123563 0.84771 0.0287275 1
82.7999999999996 0.145519 0.82991 0.0245711 1
82.8999999999996 0.169626 0.808691 0.0216826 1
82.9999999999996 0.0740251 0.86841 0.0575652 1
83.0999999999996 0.0907394 0.864848 0.0444128 1
83.1999999999995 0.0417994 0.856624 0.101577 1
83.2999999999995 0.0544072 0.869803 0.0757898 1
83.3999999999995 0.068656 0.874063 0.0572814 1
83.4999999999995 0.0329445 0.842229 0.124826 1
83.5999999999995 0.044252 0.862881 0.0928674 1
83.6999999999995 0.0571489 0.873356 0.0694947 1
83.7999999999995 0.0716944 0.875473 0.0528327 1
83.8999999999995 0.0341578 0.849261 0.116581 1
83.9999999999995 0.0456031 0.867613 0.0867836 1
84.0999999999995 0.0586318 0.876237 0.065131 1
84.1999999999995 0.0289107 0.832569 0.13852 1
84.2999999999995 0.0395585 0.857366 0.103076 1
84.3999999999995 0.0517727 0.871362 0.0768656 1
84.4999999999995 0.0261307 0.814907 0.158963 1
84.5999999999995 0.036343 0.845139 0.118518 1
84.6999999999995 0.0481311 0.863744 0.0881249 1
84.7999999999995 0.0246271 0.797255 0.178118 1
84.8999999999995 0.0150139 0.674252 0.310734 1
84.9999999999994 0.0230814 0.734941 0.241978 1
85.0999999999994 0.0328978 0.783144 0.183958 1
85.1999999999994 0.0444527 0.818069 0.137479 1
85.2999999999994 0.0577318 0.840378 0.10189 1
85.3999999999994 0.0727455 0.851621 0.0756337 1
85.4999999999994 0.0895404 0.853646 0.0568136 1
85.5999999999994 0.0411031 0.833155 0.125742 1
85.6999999999994 0.0536941 0.853026 0.09328 1
85.7999999999994 0.0679565 0.862506 0.0695371 1
85.8999999999994 0.0839503 0.863429 0.052621 1
85.9999999999994 0.0389073 0.843964 0.117129 1
86.0999999999994 0.0510458 0.861954 0.0870002 1
86.1999999999994 0.0648112 0.870085 0.0651041 1
86.2999999999994 0.0802723 0.870156 0.0495719 1
86.3999999999994 0.037458 0.851674 0.110868 1
86.4999999999994 0.0492927 0.868253 0.0824547 1
86.5999999999994 0.062723 0.875377 0.0619 1
86.6999999999993 0.0778237 0.874811 0.0473653 1
86.7999999999993 0.0946955 0.868056 0.0372489 1
86.8999999999993 0.113454 0.856272 0.0302742 1
86.9999999999993 0.134217 0.840302 0.0254813 1
87.0999999999993 0.15709 0.820734 0.0221764 1
87.1999999999993 0.182156 0.797974 0.0198707 1
87.2999999999993 0.209461 0.772312 0.0182271 1
87.3999999999993 0.239005 0.743979 0.0170162 1
87.4999999999993 0.270727 0.713189 0.016084 1
87.5999999999993 0.117284 0.834688 0.048028 1
87.6999999999993 0.139066 0.823674 0.0372603 1
87.7999999999993 0.162921 0.80721 0.0298688 1
87.8999999999993 0.0708984 0.853542 0.0755591 1
87.9999999999993 0.0334924 0.807857 0.158651 1
88.0999999999993 0.0448791 0.837161 0.11796 1
88.1999999999993 0.0230484 0.750379 0.226573 1
88.2999999999993 0.0326762 0.795921 0.171402 1
88.3999999999993 0.0439724 0.828326 0.127701 1
88.4999999999992 0.0569343 0.848518 0.0945482 1
88.5999999999992 0.0715867 0.85815 0.0702629 1
88.6999999999992 0.0337611 0.817137 0.149101 1
88.7999999999992 0.0451051 0.844183 0.110712 1
88.8999999999992 0.0580708 0.85984 0.082089 1
88.9999999999992 0.0283512 0.802905 0.168743 1
89.0999999999992 0.0163069 0.685069 0.298625 1
89.1999999999992 0.0244966 0.744039 0.231464 1
89.2999999999992 0.0145819 0.606939 0.378479 1
89.3999999999992 0.0101064 0.459025 0.530868 1
89.4999999999992 0.0163821 0.535179 0.448439 1
