0 0.333333 0.333333 0.333333 1
0.1 0.538042 0.33392 0.128038 1
0.2 0.692715 0.267191 0.0400944 1
0.3 0.796827 0.191266 0.0119064 1
0.4 0.866486 0.129642 0.00387234 1
0.5 0.913045 0.08534 0.00161492 1
0.6 0.943782 0.0552877 0.000929896 1
0.700000000000001 0.963755 0.0355625 0.000682978 1
0.800000000000001 0.911952 0.0849204 0.0031279 1
0.900000000000001 0.943621 0.0550794 0.00129947 1
1 0.866935 0.127497 0.0055689 1
1.09999999999999 0.913977 0.0839877 0.00203553 1
1.19999999999998 0.944551 0.0544155 0.00103305 1
1.29999999999997 0.964285 0.035006 0.000709504 1
1.39999999999996 0.976894 0.0225247 0.000581114 1
1.49999999999995 0.940491 0.0555994 0.00390956 1
1.59999999999993 0.962735 0.0358582 0.00140715 1
1.69999999999992 0.976164 0.0230841 0.000751501 1
1.79999999999991 0.98448 0.0149575 0.000562215 1
1.8999999999999 0.989669 0.00983429 0.000496823 1
1.99999999999989 0.992909 0.00662192 0.000468712 1
2.09999999999988 0.994931 0.00461445 0.000454369 1
2.19999999999987 0.996191 0.00336273 0.000446378 1
2.29999999999986 0.996975 0.00258351 0.000441825 1
2.39999999999985 0.997462 0.00209911 0.000439293 1
2.49999999999984 0.997764 0.00179843 0.000437993 1
2.59999999999982 0.993244 0.00514442 0.00161132 1
2.69999999999981 0.981582 0.0136262 0.00479217 1
2.7999999999998 0.989462 0.00903744 0.00150031 1
2.89999999999979 0.97212 0.0231739 0.00470572 1
2.99999999999978 0.983418 0.0150727 0.00150963 1
3.09999999999977 0.989348 0.00992449 0.000727952 1
3.19999999999976 0.99278 0.00668962 0.000530178 1
3.29999999999975 0.994858 0.00466682 0.000475672 1
3.39999999999974 0.985495 0.0124408 0.00206433 1
3.49999999999973 0.990868 0.00827821 0.000854233 1
3.59999999999971 0.993779 0.00566351 0.000557866 1
3.6999999999997 0.982877 0.0148728 0.00225071 1
3.79999999999969 0.989282 0.0098107 0.000906832 1
3.89999999999968 0.992799 0.00662526 0.000576049 1
3.99999999999967 0.994877 0.00463267 0.000490251 1
4.0999999999997 0.996145 0.00338984 0.000465396 1
4.19999999999974 0.986927 0.00988462 0.00318883 1
4.29999999999977 0.965615 0.0253659 0.00901913 1
4.3999999999998 0.980909 0.0165336 0.00255748 1
4.49999999999984 0.988147 0.010865 0.000988288 1
4.59999999999987 0.968816 0.0276235 0.00356062 1
4.6999999999999 0.921837 0.067195 0.0109678 1
4.79999999999994 0.953115 0.0437008 0.00318424 1
4.89999999999997 0.970604 0.0281768 0.00121917 1
5 0.981075 0.0182184 0.000706363 1
5.10000000000004 0.987527 0.0119146 0.000558304 1
5.20000000000007 0.99154 0.00795246 0.000507047 1
5.3000000000001 0.994042 0.00547265 0.000485008 1
5.40000000000014 0.995601 0.00392477 0.00047382 1
5.50000000000017 0.996572 0.00296041 0.000467665 1
5.6000000000002 0.997175 0.00236047 0.00046424 1
5.70000000000024 0.99755 0.0019878 0.000462423 1
5.80000000000027 0.997782 0.00175671 0.000461585 1
5.90000000000031 0.997925 0.00161378 0.000461354 1
6.00000000000034 0.991397 0.00550359 0.00309893 1
6.10000000000037 0.994947 0.00395912 0.00109405 1
6.20000000000041 0.996393 0.00298953 0.000617694 1
6.30000000000044 0.997111 0.002385 0.000503645 1
6.40000000000047 0.988843 0.00756791 0.00358898 1
6.50000000000051 0.993525 0.00525639 0.00121827 1
6.60000000000054 0.995544 0.00380272 0.000652829 1
6.70000000000057 0.996588 0.00289524 0.000516441 1
6.80000000000061 0.997187 0.00233044 0.000482541 1
6.90000000000064 0.988745 0.00751716 0.00373819 1
7.00000000000067 0.993514 0.00522964 0.00125637 1
7.10000000000071 0.995545 0.00379056 0.000664701 1
7.20000000000074 0.996586 0.00289212 0.000522173 1
7.30000000000077 0.99718 0.00233293 0.000486852 1
7.40000000000081 0.997537 0.00198558 0.000477649 1
7.50000000000084 0.997755 0.00177027 0.000475153 1
7.60000000000087 0.997888 0.00163717 0.000474587 1
7.70000000000091 0.993634 0.00472475 0.00164075 1
7.80000000000094 0.995759 0.00348286 0.000758018 1
7.90000000000097 0.925324 0.0381635 0.0365126 1
8.00000000000101 0.965273 0.0253183 0.00940881 1
8.10000000000095 0.659342 0.176045 0.164612 1
8.20000000000089 0.815297 0.135929 0.0487733 1
8.30000000000084 0.639448 0.26655 0.0940024 1
8.40000000000078 0.771817 0.200333 0.0278504 1
8.50000000000073 0.00896528 0.315951 0.675084 1
8.60000000000067 0.00265597 0.166157 0.831187 1
8.70000000000062 0.00623486 0.175394 0.818372 1
8.80000000000056 0.0259179 0.351094 0.622988 1
8.90000000000051 0.00395179 0.192787 0.803262 1
9.00000000000045 0.00122776 0.093823 0.904949 1
9.1000000000004 0.00289221 0.100236 0.896871 1
9.20000000000034 0.00446678 0.107222 0.888311 1
9.30000000000028 0.0211398 0.236725 0.742135 1
9.40000000000023 0.0145461 0.24947 0.735984 1
9.50000000000017 0.048013 0.447972 0.504015 1
9.60000000000012 0.11305 0.619399 0.267552 1
9.70000000000006 0.0106526 0.482517 0.50683 1
9.80000000000001 0.0319506 0.689624 0.278426 1
9.89999999999995 0.0677484 0.805114 0.127138 1
9.9999999999999 0.119459 0.827113 0.0534285 1
10.0999999999998 0.189734 0.787246 0.0230203 1
10.1999999999998 0.00752175 0.832438 0.16004 1
10.2999999999997 0.00737851 0.833291 0.159331 1
10.3999999999997 0.0216185 0.908242 0.0701399 1
10.4999999999996 0.00884118 0.832488 0.158671 1
10.5999999999996 0.00728119 0.833863 0.158856 1
10.6999999999995 0.0214604 0.908607 0.0699326 1
10.7999999999995 0.0129658 0.912376 0.0746586 1
10.8999999999994 0.0301903 0.936347 0.0334631 1
10.9999999999993 0.014795 0.942317 0.0428881 1
11.0999999999993 0.00501439 0.88941 0.105576 1
11.1999999999992 0.0173834 0.936066 0.0465503 1
11.2999999999992 0.00417774 0.875521 0.120301 1
11.3999999999991 0.016034 0.931054 0.0529117 1
11.4999999999991 0.0118954 0.930927 0.0571774 1
11.599999999999 0.0283086 0.945211 0.0264803 1
11.699999999999 0.053543 0.932137 0.0143198 1
11.7999999999989 0.0258905 0.951261 0.0228489 1
11.8999999999988 0.0497356 0.937282 0.0129828 1
11.9999999999988 0.010256 0.947674 0.0420701 1
12.0999999999987 0.0107254 0.943435 0.0458397 1
12.1999999999987 0.00401094 0.883759 0.11223 1
12.2999999999986 0.00582488 0.880219 0.113956 1
12.3999999999986 0.01882 0.931053 0.0501271 1
12.4999999999985 0.0392705 0.937145 0.0235846 1
12.5999999999985 0.0702618 0.916619 0.0131189 1
12.6999999999984 0.115855 0.875198 0.00894681 1
12.7999999999983 0.0583402 0.928061 0.0135986 1
12.8999999999983 0.0983983 0.892367 0.00923446 1
12.9999999999982 0.155894 0.836785 0.00732118 1
13.0999999999982 0.234168 0.759608 0.00622368 1
13.1999999999981 0.333303 0.661366 0.00533159 1
13.2999999999981 0.17362 0.816152 0.0102278 1
13.399999999998 0.0807858 0.89965 0.0195642 1
13.499999999998 0.131583 0.857217 0.0112008 1
13.5999999999979 0.202037 0.790203 0.00776001 1
13.6999999999978 0.098361 0.88793 0.0137093 1
13.7999999999978 0.0444479 0.931319 0.0242326 1
13.8999999999977 0.0253797 0.945491 0.0291294 1
13.9999999999977 0.0491752 0.935414 0.0154108 1
14.0999999999976 0.0264478 0.952145 0.0214074 1
14.1999999999976 0.0506529 0.936864 0.0124835 1
14.2999999999975 0.00642699 0.940624 0.0529485 1
14.3999999999975 0.0196221 0.955412 0.024966 1
14.4999999999974 0.040178 0.945908 0.0139138 1
14.5999999999973 0.071362 0.919082 0.00955578 1
14.6999999999973 0.0363278 0.948109 0.0155628 1
14.7999999999972 0.0656032 0.924189 0.0102076 1
14.8999999999972 0.0349704 0.949648 0.0153812 1
14.9999999999971 0.0192765 0.958233 0.0224907 1
15.0999999999971 0.0396212 0.947387 0.0129923 1
15.199999999997 0.0191833 0.957799 0.0230181 1
15.299999999997 0.0394925 0.947311 0.0131966 1
15.3999999999969 0.0703292 0.920358 0.00931282 1
15.4999999999968 0.0367202 0.948537 0.0147428 1
15.5999999999968 0.0181481 0.957453 0.0243992 1
15.6999999999967 0.0379189 0.948342 0.0137395 1
15.7999999999967 0.0679846 0.92248 0.00953564 1
15.8999999999966 0.00820862 0.942265 0.0495259 1
15.9999999999966 0.0225193 0.953873 0.0236079 1
16.0999999999967 0.0131062 0.955419 0.0314751 1
16.1999999999968 0.0301413 0.953345 0.0165133 1
16.2999999999969 0.0562656 0.933083 0.0106512 1
16.3999999999971 0.095292 0.896462 0.00824574 1
16.4999999999972 0.151516 0.841424 0.00706007 1
16.5999999999973 0.0242771 0.949391 0.0263321 1
16.6999999999974 0.0474995 0.938087 0.0144133 1
16.7999999999975 0.0283673 0.952848 0.0187849 1
16.8999999999977 0.00484051 0.936465 0.0586948 1
16.9999999999978 0.0171781 0.955495 0.0273271 1
17.0999999999979 0.0103785 0.953882 0.0357396 1
17.199999999998 0.00401906 0.900321 0.0956595 1
17.2999999999982 0.0159278 0.941584 0.0424879 1
17.3999999999983 0.0347599 0.944498 0.0207417 1
17.4999999999984 0.00497325 0.924134 0.0708928 1
17.5999999999985 0.0174454 0.95031 0.0322444 1
17.6999999999986 0.0370068 0.946221 0.0167718 1
17.7999999999988 0.0667646 0.922534 0.0107018 1
17.8999999999989 0.0339071 0.948933 0.0171598 1
17.999999999999 0.0620754 0.927043 0.0108811 1
18.0999999999991 0.0306562 0.950805 0.0185386 1
18.1999999999993 0.0150758 0.955853 0.0290716 1
18.2999999999994 0.0332705 0.95113 0.0155997 1
18.3999999999995 0.0172818 0.958249 0.0244692 1
18.4999999999996 0.0366596 0.949518 0.0138225 1
18.5999999999997 0.0661636 0.924212 0.00962471 1
18.6999999999999 0.0361182 0.949472 0.0144101 1
18.8 0.0175812 0.957624 0.0247946 1
18.9000000000001 0.037142 0.94891 0.0139481 1
19.0000000000002 0.00521637 0.942569 0.0522143 1
19.1000000000004 0.00469107 0.935012 0.0602972 1
19.2000000000005 0.0104792 0.927707 0.0618137 1
19.3000000000006 0.00335747 0.846341 0.150301 1
19.4000000000007 0.00654169 0.844317 0.149142 1
19.5000000000008 0.0204092 0.913925 0.0656655 1
19.600000000001 0.042297 0.927894 0.0298092 1
19.7000000000011 0.0753014 0.909161 0.0155377 1
19.8000000000012 0.0383597 0.94026 0.0213799 1
19.9000000000013 0.0690244 0.918544 0.012432 1
20.0000000000015 0.1142 0.876966 0.00883437 1
20.1000000000016 0.0540982 0.92951 0.0163914 1
20.2000000000017 0.0924548 0.897123 0.0104225 1
20.3000000000018 0.147751 0.844336 0.0079132 1
20.4000000000019 0.223541 0.769858 0.00660094 1
20.5000000000021 0.320418 0.673951 0.00563126 1
20.6000000000022 0.165363 0.823645 0.0109919 1
20.7000000000023 0.247217 0.745255 0.00752759 1
20.8000000000024 0.349364 0.644853 0.0057827 1
20.9000000000026 0.0551637 0.912842 0.0319939 1
21.0000000000027 0.0948261 0.888972 0.0162019 1
21.1000000000028 0.151597 0.838436 0.00996733 1
21.2000000000029 0.0705097 0.910509 0.018981 1
21.300000000003 0.0341261 0.939102 0.0267715 1
21.4000000000032 0.0627832 0.922696 0.014521 1
21.5000000000033 0.00723866 0.929565 0.063196 1
21.6000000000034 0.0211918 0.949674 0.0291345 1
21.7000000000035 0.0142088 0.950756 0.0350354 1
21.8000000000037 0.00968826 0.947921 0.0423908 1
21.9000000000038 0.0249949 0.95414 0.0208653 1
22.0000000000039 0.0486266 0.938957 0.0124164 1
22.100000000004 0.084167 0.906793 0.0090401 1
22.2000000000041 0.0416308 0.94275 0.0156188 1
22.3000000000043 0.0203807 0.954328 0.0252916 1
22.4000000000044 0.00761852 0.923279 0.0691023 1
22.5000000000045 0.0087587 0.918914 0.072327 1
22.6000000000046 0.0237247 0.943485 0.0327904 1
22.7000000000048 0.0153881 0.946185 0.0384267 1
22.8000000000049 0.0115434 0.944433 0.0440241 1
22.900000000005 0.013063 0.940078 0.0468593 1
23.0000000000051 0.030417 0.94702 0.0225627 1
23.1000000000052 0.057018 0.929979 0.0130029 1
23.2000000000054 0.0273876 0.950461 0.022151 1
23.3000000000055 0.00822716 0.930735 0.0610376 1
23.4000000000056 0.0115591 0.92554 0.0629009 1
23.5000000000057 0.00340673 0.847449 0.149144 1
23.6000000000059 0.0151099 0.919048 0.0658422 1
23.700000000006 0.0339185 0.936043 0.0300389 1
23.8000000000061 0.0173298 0.943955 0.038715 1
23.9000000000062 0.0141687 0.943036 0.0427956 1
24.0000000000063 0.00635859 0.886584 0.107057 1
24.1000000000065 0.0199965 0.932713 0.047291 1
24.2000000000066 0.0414048 0.935976 0.0226191 1
24.3000000000067 0.00118371 0.71182 0.286996 1
24.4000000000068 0.00672647 0.714777 0.278497 1
24.500000000007 0.0214986 0.848869 0.129633 1
24.6000000000071 0.0454253 0.898145 0.05643 1
24.7000000000072 0.00651214 0.853353 0.140135 1
24.8000000000073 0.0111796 0.851375 0.137446 1
24.9000000000074 0.0282962 0.911426 0.0602782 1
25.0000000000076 0.0206932 0.916959 0.0623473 1
25.1000000000077 0.0132498 0.919456 0.0672938 1
25.2000000000078 0.00272101 0.83609 0.161189 1
25.3000000000079 0.00552041 0.834244 0.160235 1
25.4000000000081 0.00324061 0.675684 0.321075 1
25.5000000000082 0.0149912 0.831088 0.153921 1
25.6000000000083 0.0349553 0.897588 0.0674567 1
25.7000000000084 0.0654268 0.904321 0.030252 1
25.8000000000085 0.110076 0.87446 0.0154634 1
25.9000000000087 0.173045 0.817347 0.00960806 1
26.0000000000088 0.257096 0.735855 0.00704905 1
26.1000000000089 0.361097 0.633289 0.0056142 1
26.200000000009 0.186496 0.798456 0.0150483 1
26.3000000000092 0.0916098 0.887436 0.0209538 1
26.4000000000093 0.0441056 0.927623 0.0282715 1
26.5000000000094 0.023765 0.941629 0.0346059 1
26.6000000000095 0.0470932 0.935226 0.0176807 1
26.7000000000096 0.0249125 0.950489 0.0245984 1
26.8000000000098 0.0179171 0.952916 0.0291673 1
26.9000000000099 0.0143294 0.951769 0.0339013 1
27.00000000001 0.0323359 0.950113 0.0175507 1
27.1000000000101 0.0598721 0.928986 0.0111422 1
27.2000000000103 0.0285088 0.950871 0.02062 1
27.3000000000104 0.00561667 0.93044 0.0639428 1
27.4000000000105 0.0186679 0.951818 0.0295144 1
27.5000000000106 0.0390738 0.945112 0.0158144 1
27.6000000000107 0.0700446 0.919524 0.0104319 1
27.7000000000109 0.0378642 0.946777 0.0153586 1
27.800000000011 0.0682035 0.92152 0.0102766 1
27.9000000000111 0.0357093 0.948217 0.016074 1
28.0000000000112 0.0649658 0.92447 0.0105645 1
28.1000000000114 0.0319313 0.949566 0.0185025 1
28.2000000000115 0.0185164 0.956139 0.0253449 1
28.3000000000116 0.0015611 0.683196 0.315243 1
28.4000000000117 0.011736 0.837522 0.150742 1
28.5000000000118 0.0294093 0.9044 0.066191 1
28.600000000012 0.0153558 0.911436 0.073208 1
28.7000000000121 0.0344745 0.932499 0.033026 1
28.8000000000122 0.0636188 0.919442 0.0169392 1
28.9000000000123 0.106678 0.882716 0.0106065 1
29.0000000000125 0.167881 0.824179 0.00793964 1
29.1000000000126 0.250166 0.743293 0.00654177 1
29.2000000000127 0.352745 0.641737 0.00551716 1
29.3000000000128 0.469144 0.526278 0.0045777 1
29.4000000000129 0.587874 0.408441 0.00368503 1
29.5000000000131 0.696491 0.300623 0.0028868 1
29.6000000000132 0.479947 0.512183 0.00786977 1
29.7000000000133 0.271256 0.71144 0.0173033 1
29.8000000000134 0.0108348 0.846577 0.142588 1
29.9000000000136 0.0278074 0.909602 0.0625906 1
30.0000000000137 0.0200971 0.915115 0.0647876 1
30.1000000000138 0.0419424 0.928514 0.0295438 1
30.2000000000139 0.0100983 0.91061 0.079292 1
30.300000000014 0.00672044 0.907279 0.0860009 1
30.4000000000142 0.020573 0.940943 0.0384843 1
30.5000000000143 0.0135086 0.942021 0.04447 1
30.6000000000144 0.0311951 0.947135 0.0216704 1
30.7000000000145 0.0582799 0.929008 0.0127119 1
30.8000000000147 0.0986047 0.89227 0.00912546 1
30.9000000000148 0.156451 0.836058 0.00749137 1
31.0000000000149 0.235116 0.758402 0.00648217 1
31.100000000015 0.334593 0.6598 0.00560638 1
31.2000000000151 0.449384 0.545895 0.00472126 1
31.3000000000153 0.246686 0.738334 0.0149802 1
31.4000000000154 0.350132 0.641555 0.00831339 1
31.5000000000155 0.179535 0.802144 0.0183214 1
31.6000000000156 0.266772 0.723225 0.0100032 1
31.7000000000158 0.373127 0.620328 0.00654447 1
31.8000000000159 0.491189 0.504016 0.00479463 1
31.900000000016 0.282968 0.706468 0.0105642 1
32.0000000000161 0.39217 0.601214 0.00661584 1
32.1000000000159 0.210639 0.776591 0.01277 1
32.2000000000157 0.305498 0.686635 0.00786696 1
32.3000000000154 0.15681 0.829698 0.0134916 1
32.4000000000152 0.236361 0.755093 0.00854645 1
32.500000000015 0.336474 0.657244 0.00628231 1
32.6000000000147 0.172299 0.813381 0.0143208 1
32.7000000000145 0.256811 0.734486 0.00870276 1
32.8000000000143 0.361086 0.632718 0.00619657 1
32.900000000014 0.191144 0.79725 0.0116056 1
33.0000000000138 0.280707 0.711663 0.0076304 1
33.1000000000136 0.388954 0.60535 0.00569632 1
33.2000000000133 0.507612 0.48793 0.00445802 1
33.3000000000131 0.296613 0.693568 0.00981909 1
33.4000000000129 0.407728 0.585978 0.0062934 1
33.5000000000126 0.0686876 0.896841 0.0344713 1
33.6000000000124 0.115206 0.86777 0.0170239 1
33.7000000000122 0.18038 0.809465 0.010155 1
33.8000000000119 0.266698 0.726077 0.0072251 1
33.9000000000117 0.129743 0.853129 0.0171276 1
34.0000000000115 0.0607607 0.91356 0.0256796 1
34.1000000000112 0.102972 0.88316 0.0138674 1
34.200000000011 0.0520654 0.928785 0.0191499 1
34.3000000000108 0.0256337 0.946635 0.0277308 1
34.4000000000105 0.0498986 0.935031 0.0150701 1
34.5000000000103 0.0863054 0.903617 0.0100776 1
34.6000000000101 0.139115 0.852943 0.00794278 1
34.7000000000098 0.0666573 0.918479 0.0148632 1
34.8000000000096 0.111046 0.879112 0.00984173 1
34.9000000000094 0.0557215 0.929105 0.0151731 1
35.0000000000091 0.0315091 0.948437 0.0200539 1
35.1000000000089 0.0154341 0.953633 0.0309329 1
35.2000000000087 0.00653837 0.914779 0.0786823 1
35.3000000000084 0.0202591 0.944254 0.0354868 1
35.4000000000082 0.0153689 0.944729 0.0399022 1
35.500000000008 0.0340971 0.946028 0.0198752 1
35.6000000000077 0.0164513 0.952651 0.0308973 1
35.7000000000075 0.0356795 0.947923 0.0163972 1
35.8000000000073 0.0649747 0.924315 0.0107098 1
35.900000000007 0.108347 0.8833 0.00835214 1
36.0000000000068 0.170034 0.822809 0.00715719 1
36.1000000000066 0.252889 0.74082 0.00629069 1
36.2000000000063 0.355965 0.638581 0.00545416 1
36.3000000000061 0.0544878 0.912568 0.032944 1
36.4000000000059 0.00995622 0.903125 0.0869187 1
36.5000000000056 0.025887 0.935335 0.0387783 1
36.6000000000054 0.0505414 0.930181 0.0192774 1
36.7000000000052 0.0874543 0.900924 0.0116212 1
36.8000000000049 0.0421713 0.938596 0.0192328 1
36.9000000000047 0.0228723 0.951032 0.0260956 1
37.0000000000045 0.0455943 0.939919 0.0144871 1
37.1000000000042 0.079851 0.910242 0.00990677 1
37.200000000004 0.129863 0.862199 0.0079383 1
37.3000000000038 0.199578 0.793571 0.0068512 1
37.4000000000035 0.0929124 0.888923 0.0181643 1
37.5000000000033 0.0441784 0.929651 0.0261704 1
37.6000000000031 0.0211828 0.942765 0.0360519 1
37.7000000000028 0.0431538 0.938544 0.0183018 1
37.8000000000026 0.0763346 0.912327 0.0113382 1
37.9000000000024 0.124894 0.866624 0.00848204 1
38.0000000000021 0.0156439 0.944695 0.039661 1
38.1000000000019 0.0345233 0.945701 0.0197758 1
38.2000000000017 0.0633203 0.924703 0.0119771 1
38.3000000000014 0.105997 0.885177 0.00882614 1
38.4000000000012 0.166804 0.825851 0.00734453 1
38.500000000001 0.248709 0.74491 0.00638154 1
38.6000000000007 0.12012 0.864116 0.0157646 1
38.7000000000005 0.0602526 0.918806 0.0209414 1
38.8000000000003 0.101968 0.885903 0.0121291 1
38.9 0.161456 0.829998 0.00854557 1
38.9999999999998 0.241864 0.751306 0.00682977 1
39.0999999999996 0.118242 0.867595 0.0141625 1
39.1999999999993 0.0586739 0.921575 0.0197508 1
39.2999999999991 0.0995679 0.888724 0.0117079 1
39.3999999999989 0.158046 0.833538 0.00841618 1
39.4999999999986 0.237359 0.75583 0.00681072 1
39.5999999999984 0.337387 0.656881 0.00573193 1
39.6999999999982 0.452476 0.542737 0.00478731 1
39.7999999999979 0.252038 0.73639 0.011572 1
39.8999999999977 0.035324 0.91659 0.0480864 1
39.9999999999975 0.0654258 0.911874 0.0227005 1
40.0999999999972 0.00891776 0.921898 0.0691839 1
40.199999999997 0.00712613 0.917825 0.0750492 1
40.2999999999968 0.0211828 0.944836 0.033981 1
40.3999999999965 0.00374067 0.806313 0.189946 1
40.4999999999963 0.0157648 0.899455 0.0847807 1
40.5999999999961 0.00750476 0.80385 0.188645 1
40.6999999999958 0.00148174 0.629898 0.36862 1
40.7999999999956 0.0113916 0.805732 0.182876 1
40.8999999999954 0.0291352 0.889888 0.0809767 1
40.9999999999951 0.0566888 0.907486 0.0358256 1
41.0999999999949 0.0288872 0.928765 0.0423475 1
41.1999999999947 0.0147159 0.934007 0.0512774 1
41.2999999999944 0.0122611 0.932427 0.0553124 1
41.3999999999942 0.0121462 0.92949 0.0583635 1
41.499999999994 0.0291595 0.943684 0.0271565 1
41.5999999999937 0.0553041 0.929896 0.0147997 1
41.6999999999935 0.0280031 0.949643 0.0223535 1
41.7999999999933 0.0147392 0.953543 0.0317178 1
41.899999999993 0.0131159 0.950663 0.0362206 1
41.9999999999928 0.0304781 0.951047 0.0184754 1
42.0999999999926 0.0570969 0.931377 0.011526 1
42.1999999999924 0.0968063 0.894484 0.00870957 1
42.2999999999921 0.153898 0.838731 0.00737091 1
42.3999999999919 0.231747 0.761771 0.00648213 1
42.4999999999917 0.330508 0.663828 0.00566436 1
42.5999999999914 0.0500253 0.920613 0.0293615 1
42.6999999999912 0.0252556 0.937882 0.0368626 1
42.799999999991 0.049488 0.931974 0.0185381 1
42.8999999999907 0.00321286 0.74543 0.251358 1
42.9999999999905 0.00344324 0.747589 0.248968 1
43.0999999999903 0.015247 0.870529 0.114224 1
43.19999999999 0.0348293 0.915122 0.0500487 1
43.2999999999898 0.0647013 0.911842 0.0234569 1
43.3999999999896 0.108657 0.878349 0.012994 1
43.4999999999893 0.0191717 0.939723 0.041105 1
43.5999999999891 0.0400558 0.939684 0.0202601 1
43.6999999999889 0.00190866 0.850633 0.147459 1
43.7999999999886 0.0125426 0.922299 0.065158 1
43.8999999999884 0.0128906 0.919902 0.0672076 1
43.9999999999882 0.0304174 0.938923 0.0306595 1
44.0999999999879 0.0196017 0.944999 0.0353988 1
44.1999999999877 0.015527 0.945028 0.0394452 1
44.2999999999875 0.0342922 0.946035 0.0196724 1
44.3999999999872 0.0193461 0.954034 0.0266196 1
44.499999999987 0.0126201 0.95374 0.0336402 1
44.5999999999868 0.0296451 0.952878 0.0174765 1
44.6999999999865 0.0557758 0.933074 0.0111503 1
44.7999999999863 0.0948193 0.896607 0.00857394 1
44.8999999999861 0.0481551 0.937872 0.0139729 1
44.9999999999858 0.00779746 0.943901 0.0483016 1
45.0999999999856 0.00589246 0.937455 0.0566522 1
45.1999999999854 0.0190668 0.954348 0.0265847 1
45.2999999999851 0.0396409 0.945667 0.0146919 1
45.3999999999849 0.0113047 0.947023 0.0416723 1
45.4999999999847 0.00773022 0.942448 0.0498213 1
45.5999999999844 0.00716889 0.936766 0.0560649 1
45.6999999999842 0.0080915 0.931345 0.0605635 1
45.799999999984 0.00785004 0.926671 0.0654786 1
45.8999999999837 0.010966 0.921702 0.0673316 1
45.9999999999835 0.00440954 0.839534 0.156057 1
46.0999999999833 0.0100251 0.837507 0.152468 1
46.199999999983 0.0264356 0.906541 0.0670237 1
46.2999999999828 0.017839 0.912215 0.0699458 1
46.3999999999826 0.00329333 0.826025 0.170682 1
46.4999999999823 0.0148905 0.909406 0.075704 1
46.5999999999821 0.0337032 0.932273 0.0340241 1
46.6999999999819 0.0202441 0.940585 0.0391708 1
46.7999999999816 0.0172168 0.940652 0.0421316 1
46.8999999999814 0.00972655 0.939224 0.0510491 1
46.9999999999812 0.0251659 0.950553 0.0242815 1
47.0999999999809 0.0183112 0.953047 0.0286421 1
47.1999999999807 0.00419602 0.9134 0.082404 1
47.2999999999805 0.0163316 0.946636 0.0370321 1
47.3999999999802 0.0354868 0.945804 0.018709 1
47.49999999998 0.0646838 0.923785 0.0115315 1
47.5999999999798 0.0305675 0.948421 0.0210112 1
47.6999999999795 0.0572439 0.930315 0.0124413 1
47.7999999999793 0.0274993 0.950833 0.0216679 1
47.8999999999791 0.0146285 0.954574 0.0307975 1
47.9999999999788 0.0327255 0.950939 0.0163353 1
48.0999999999786 0.0604045 0.928923 0.0106726 1
48.1999999999784 0.101587 0.890071 0.00834171 1
48.2999999999781 0.0131622 0.947929 0.038909 1
48.3999999999779 0.0304989 0.950027 0.0194738 1
48.4999999999777 0.00681469 0.932109 0.0610768 1
48.5999999999774 0.0205166 0.951178 0.0283056 1
48.6999999999772 0.0418782 0.942819 0.0153027 1
48.799999999977 0.00526732 0.89645 0.0982832 1
48.8999999999767 0.00458186 0.891684 0.103734 1
48.9999999999765 0.0169713 0.937111 0.0459181 1
49.0999999999763 0.0146522 0.936233 0.0491148 1
49.199999999976 0.00311686 0.871701 0.125182 1
49.2999999999758 0.0038611 0.867557 0.128582 1
49.3999999999756 0.0157868 0.927563 0.0566507 1
49.4999999999753 0.03485 0.938794 0.0263564 1
49.5999999999751 0.0639204 0.921698 0.0143815 1
49.6999999999749 0.0316405 0.946433 0.021927 1
49.7999999999746 0.0588801 0.928364 0.0127556 1
49.8999999999744 0.0329951 0.949486 0.0175194 1
49.9999999999742 0.0608209 0.928084 0.0110947 1
50.0999999999739 0.0336626 0.950325 0.0160125 1
50.1999999999737 0.0617903 0.927683 0.0105264 1
50.2999999999735 0.103591 0.888147 0.00826188 1
50.3999999999732 0.163342 0.829532 0.00712616 1
50.499999999973 0.244131 0.749556 0.0063124 1
50.5999999999728 0.12244 0.866219 0.0113408 1
50.6999999999725 0.0188078 0.942165 0.0390269 1
50.7999999999723 0.0393483 0.94124 0.0194119 1
50.8999999999721 0.0186089 0.951053 0.0303378 1
50.9999999999718 0.0388976 0.945022 0.0160803 1
51.0999999999716 0.0213552 0.955641 0.0230042 1
51.1999999999714 0.0430436 0.943694 0.0132628 1
51.2999999999711 0.0758612 0.914726 0.00941314 1
51.3999999999709 0.0356422 0.945777 0.0185806 1
51.4999999999707 0.0648564 0.923695 0.0114489 1
51.5999999999704 0.00909252 0.94884 0.0420675 1
51.6999999999702 0.02401 0.955257 0.0207334 1
51.79999999997 0.0187779 0.956583 0.0246391 1
51.8999999999697 0.0390552 0.947041 0.0139034 1
51.9999999999695 0.0698656 0.920456 0.0096784 1
52.0999999999693 0.115318 0.876806 0.00787546 1
52.199999999969 0.179595 0.813512 0.00689326 1
52.2999999999688 0.0835657 0.899523 0.0169116 1
52.3999999999686 0.135611 0.854025 0.0103641 1
52.4999999999683 0.0665338 0.917491 0.0159755 1
52.5999999999681 0.110824 0.878996 0.0101805 1
52.6999999999679 0.0500823 0.928624 0.0212941 1
52.7999999999676 0.0867245 0.900982 0.0122931 1
52.8999999999674 0.0454194 0.93761 0.0169709 1
52.9999999999672 0.00733405 0.932983 0.0596826 1
53.0999999999669 0.0212554 0.95105 0.0276951 1
53.1999999999667 0.0429324 0.94205 0.0150181 1
53.2999999999665 0.0219611 0.954852 0.0231873 1
53.3999999999662 0.0145701 0.956136 0.0292941 1
53.499999999966 0.0325101 0.951782 0.0157078 1
53.5999999999658 0.0191555 0.958759 0.0220855 1
53.6999999999655 0.00635077 0.930464 0.063185 1
53.7999999999653 0.0196638 0.951227 0.029109 1
53.8999999999651 0.0404635 0.943969 0.0155675 1
53.9999999999648 0.0720128 0.917728 0.010259 1
54.0999999999646 0.0333974 0.946445 0.0201581 1
54.1999999999644 0.0219255 0.953544 0.0245308 1
54.2999999999642 0.00836142 0.926536 0.0651024 1
54.3999999999639 0.00870416 0.922557 0.0687392 1
54.4999999999637 0.0234826 0.945234 0.0312834 1
54.5999999999635 0.0464318 0.93723 0.0163378 1
54.6999999999632 0.00834822 0.941133 0.0505188 1
54.799999999963 0.00302034 0.868108 0.128871 1
54.8999999999628 0.0142334 0.929005 0.0567619 1
54.9999999999625 0.0322571 0.941368 0.0263748 1
55.0999999999623 0.0598492 0.925787 0.0143639 1
55.1999999999621 0.100865 0.889508 0.00962766 1
55.2999999999618 0.159587 0.832822 0.00759082 1
55.3999999999616 0.239234 0.754297 0.00646882 1
55.4999999999614 0.118196 0.869355 0.0124483 1
55.5999999999611 0.0535639 0.92311 0.0233261 1
55.6999999999609 0.0250898 0.941729 0.0331813 1
55.7999999999607 0.0489406 0.934034 0.017025 1
55.8999999999604 0.0230742 0.949749 0.027177 1
55.9999999999602 0.0456824 0.939552 0.0147656 1
56.09999999996 0.0797924 0.910317 0.00989088 1
56.1999999999597 0.0409653 0.943686 0.0153484 1
56.2999999999595 0.0259604 0.954576 0.0194631 1
56.3999999999593 0.0499703 0.938208 0.0118215 1
56.499999999959 0.0231696 0.954026 0.0228046 1
56.5999999999588 0.00755301 0.931573 0.060874 1
56.6999999999586 0.00412704 0.851332 0.144541 1
56.7999999999583 0.0160771 0.920277 0.0636461 1
56.8999999999581 0.0352411 0.93571 0.0290492 1
56.9999999999579 0.0644589 0.920229 0.0153118 1
57.0999999999576 0.107667 0.882422 0.00991055 1
57.1999999999574 0.169112 0.823265 0.00762206 1
57.2999999999572 0.251703 0.741893 0.00640391 1
57.3999999999569 0.354563 0.63994 0.00549627 1
57.4999999999567 0.47108 0.524262 0.00465804 1
57.5999999999565 0.0837259 0.885242 0.0310319 1
57.6999999999562 0.136806 0.847744 0.0154505 1
57.799999999956 0.0676066 0.911684 0.0207094 1
57.8999999999558 0.112589 0.875569 0.0118419 1
57.9999999999555 0.176133 0.815608 0.00825831 1
58.0999999999553 0.260903 0.732528 0.00656858 1
58.1999999999551 0.127729 0.857556 0.0147147 1
58.2999999999548 0.0620143 0.917192 0.0207938 1
58.3999999999546 0.0292704 0.94091 0.02982 1
58.4999999999544 0.0207116 0.946016 0.0332727 1
58.5999999999541 0.0115491 0.946752 0.041699 1
58.6999999999539 0.0127423 0.942679 0.0445791 1
58.7999999999537 0.00852652 0.88535 0.106123 1
58.8999999999534 0.0232916 0.93001 0.0466985 1
58.9999999999532 0.0122431 0.932749 0.0550081 1
59.099999999953 0.0289428 0.945393 0.0256643 1
59.1999999999527 0.0161561 0.950945 0.0328988 1
59.2999999999525 0.00906308 0.948622 0.0423153 1
59.3999999999523 0.0237578 0.955511 0.0207307 1
59.499999999952 0.0465177 0.941207 0.0122753 1
59.5999999999518 0.0242413 0.956314 0.0194448 1
59.6999999999516 0.0472319 0.940984 0.0117843 1
59.7999999999513 0.0819065 0.909361 0.00873288 1
59.8999999999511 0.0395508 0.944353 0.016096 1
59.9999999999509 0.0219048 0.955653 0.0224419 1
60.0999999999506 0.0136341 0.95709 0.0292761 1
60.1999999999504 0.0308549 0.953526 0.0156193 1
60.2999999999502 0.0572753 0.932442 0.0102824 1
60.3999999999499 0.0271706 0.953175 0.0196548 1
60.4999999999497 0.0517243 0.936455 0.0118207 1
60.5999999999495 0.0885886 0.902714 0.00869782 1
60.6999999999492 0.142061 0.850649 0.00728984 1
60.799999999949 0.215856 0.77771 0.0064339 1
60.8999999999488 0.10465 0.882172 0.0131788 1
60.9999999999485 0.165132 0.826109 0.00875947 1
61.0999999999483 0.0754208 0.904233 0.0203463 1
61.1999999999481 0.123923 0.864487 0.0115898 1
61.2999999999478 0.0619967 0.921631 0.0163727 1
61.3999999999476 0.104012 0.885726 0.010262 1
61.4999999999474 0.0157356 0.94919 0.0350745 1
61.5999999999471 0.0341806 0.948027 0.017792 1
61.6999999999469 0.0623691 0.926594 0.0110369 1
61.7999999999467 0.0309552 0.950768 0.0182772 1
61.8999999999464 0.0208758 0.956631 0.0224931 1
61.9999999999462 0.0118895 0.957163 0.030947 1
62.099999999946 0.0108207 0.95338 0.0357997 1
62.1999999999457 0.0264078 0.955463 0.0181294 1
62.2999999999455 0.0504599 0.938313 0.0112269 1
62.3999999999453 0.00783901 0.950996 0.0411649 1
62.499999999945 0.0216923 0.958058 0.0202493 1
62.5999999999448 0.0432157 0.944721 0.0120635 1
62.6999999999446 0.0758184 0.91536 0.0088219 1
62.7999999999443 0.123703 0.868902 0.0073952 1
62.8999999999441 0.0161411 0.950631 0.0332278 1
62.9999999999439 0.0347455 0.948202 0.0170523 1
63.0999999999436 0.0181567 0.956723 0.0251205 1
63.1999999999434 0.0377801 0.948289 0.0139306 1
63.2999999999432 0.0676663 0.922789 0.00954474 1
63.3999999999429 0.0307544 0.948898 0.0203479 1
63.4999999999427 0.0571487 0.930858 0.0119928 1
63.5999999999425 0.0314493 0.951705 0.0168462 1
63.6999999999422 0.0581109 0.931214 0.0106753 1
63.799999999942 0.0979157 0.893905 0.00817896 1
63.8999999999418 0.0441896 0.936883 0.018927 1
63.9999999999415 0.0271195 0.950118 0.0227627 1
64.099999999942 0.0516018 0.935473 0.0129252 1
64.1999999999425 0.0883589 0.902597 0.00904415 1
64.299999999943 0.141688 0.850948 0.00736356 1
64.3999999999434 0.0700555 0.917755 0.0121896 1
64.4999999999439 0.115509 0.875866 0.00862499 1
64.5999999999444 0.00582526 0.849185 0.14499 1
64.6999999999449 0.00133044 0.486665 0.512004 1
64.7999999999454 0.0100435 0.704973 0.284983 1
64.8999999999458 0.00173647 0.504213 0.49405 1
64.9999999999463 0.00597875 0.513758 0.480263 1
65.0999999999468 0.00560243 0.524421 0.469977 1
65.1999999999473 0.0195939 0.728961 0.251445 1
65.2999999999477 0.0442515 0.84172 0.114029 1
65.3999999999482 0.0237028 0.859528 0.116769 1
65.4999999999487 0.0482935 0.901092 0.0506142 1
65.5999999999492 0.0850175 0.891777 0.0232053 1
65.6999999999497 0.0394557 0.928671 0.0318734 1
65.7999999999501 0.0707477 0.913066 0.016186 1
65.8999999999506 0.0369026 0.94193 0.0211678 1
65.9999999999511 0.0179672 0.951492 0.0305407 1
66.0999999999516 0.0374543 0.946606 0.0159399 1
66.199999999952 0.0671423 0.922621 0.0102367 1
66.2999999999525 0.111091 0.881 0.00790899 1
66.399999999953 0.173546 0.819677 0.00677712 1
66.4999999999535 0.257275 0.736721 0.00600416 1
66.599999999954 0.036124 0.933243 0.030633 1
66.6999999999544 0.0655736 0.918686 0.0157408 1
66.7999999999549 0.109098 0.880991 0.0099106 1
66.8999999999554 0.170949 0.821563 0.00748756 1
66.9999999999559 0.079746 0.903876 0.0163775 1
67.0999999999563 0.129789 0.860193 0.0100174 1
67.1999999999568 0.199478 0.793141 0.00738117 1
67.2999999999573 0.29055 0.7034 0.00605012 1
67.3999999999578 0.147651 0.841113 0.011236 1
67.4999999999582 0.223731 0.768589 0.00768042 1
67.5999999999587 0.111163 0.876252 0.0125857 1
67.6999999999592 0.174061 0.817534 0.00840524 1
67.7999999999597 0.258156 0.735305 0.00653828 1
67.8999999999602 0.124452 0.858652 0.0168963 1
67.9999999999606 0.0593954 0.917089 0.0235159 1
68.0999999999611 0.100359 0.886845 0.0127961 1
68.1999999999616 0.158923 0.832526 0.00855081 1
68.2999999999621 0.0770111 0.908836 0.0141525 1
68.3999999999625 0.125642 0.865147 0.00921136 1
68.499999999963 0.193705 0.799188 0.00710734 1
68.5999999999635 0.283185 0.710838 0.00597701 1
68.699999999964 0.391478 0.603385 0.00513748 1
68.7999999999645 0.510057 0.485562 0.00438038 1
68.8999999999649 0.626437 0.369877 0.00368517 1
68.9999999999654 0.728984 0.26793 0.00308679 1
69.0999999999659 0.811086 0.186301 0.00261251 1
69.1999999999664 0.871916 0.125821 0.00226339 1
69.2999999999668 0.91444 0.0835393 0.00202093 1
69.3999999999673 0.942971 0.0551697 0.00185966 1
69.4999999999678 0.961588 0.0366561 0.00175578 1
69.5999999999683 0.973516 0.0247936 0.00169056 1
69.6999999999688 0.92436 0.0639293 0.0117107 1
69.7999999999692 0.953183 0.042654 0.00416327 1
69.8999999999697 0.885085 0.101849 0.0130665 1
69.9999999999702 0.927435 0.0679342 0.00463037 1
70.0999999999707 0.831862 0.154549 0.0135893 1
70.1999999999711 0.890723 0.104321 0.00495675 1
70.2999999999716 0.928179 0.0691731 0.00264798 1
70.3999999999721 0.952202 0.0457982 0.0020003 1
70.4999999999726 0.96754 0.0306675 0.00179273 1
70.5999999999731 0.915999 0.0758232 0.00817751 1
70.6999999999735 0.946266 0.0503709 0.00336265 1
70.799999999974 0.964217 0.0336467 0.00213611 1
70.8999999999745 0.975258 0.0229347 0.0018075 1
70.999999999975 0.98213 0.016162 0.00170831 1
71.0999999999754 0.986415 0.0119124 0.00167262 1
71.1999999999759 0.948525 0.0355774 0.0158977 1
71.2999999999764 0.970464 0.0244159 0.00512041 1
71.3999999999769 0.92349 0.0612271 0.0152825 1
71.4999999999773 0.953879 0.0410533 0.0050676 1
71.5999999999778 0.969725 0.0277343 0.00254089 1
71.6999999999783 0.978863 0.0192256 0.00191121 1
71.7999999999788 0.984391 0.0138627 0.00174628 1
71.8999999999793 0.987795 0.0105061 0.0016985 1
71.9999999999797 0.989903 0.00841441 0.00168279 1
72.0999999999802 0.991207 0.0071154 0.0016774 1
72.1999999999807 0.992013 0.00631134 0.00167616 1
72.2999999999812 0.992507 0.00581568 0.00167697 1
72.3999999999816 0.992809 0.00551192 0.00167894 1
72.4999999999821 0.992991 0.00532747 0.00168161 1
72.5999999999826 0.993098 0.00521717 0.00168469 1
72.6999999999831 0.993159 0.00515294 0.00168805 1
72.7999999999836 0.993191 0.00511733 0.00169157 1
72.899999999984 0.993205 0.00509951 0.0016952 1
72.9999999999845 0.993208 0.00509274 0.0016989 1
73.099999999985 0.993205 0.00509284 0.00170265 1
73.1999999999855 0.993196 0.00509722 0.00170643 1
73.2999999999859 0.993185 0.00510427 0.00171023 1
73.3999999999864 0.993173 0.00511298 0.00171406 1
73.4999999999869 0.993159 0.00512274 0.00171789 1
73.5999999999874 0.993145 0.00513315 0.00172174 1
73.6999999999879 0.99313 0.00514399 0.0017256 1
73.7999999999883 0.993115 0.00515509 0.00172948 1
73.8999999999888 0.9931 0.00516638 0.00173336 1
73.9999999999893 0.993085 0.00517778 0.00173725 1
74.0999999999898 0.99307 0.00518928 0.00174115 1
74.1999999999902 0.97197 0.0177012 0.0103284 1
74.2999999999907 0.983113 0.01308 0.00380698 1
74.3999999999912 0.987612 0.0101345 0.00225307 1
74.4999999999917 0.989824 0.00829159 0.00188433 1
74.5999999999922 0.991056 0.00714685 0.00179698 1
74.6999999999926 0.991784 0.00643909 0.00177715 1
74.7999999999931 0.992222 0.00600368 0.00177406 1
74.8999999999936 0.992487 0.0057377 0.00177546 1
74.9999999999941 0.992645 0.00557704 0.00177828 1
75.0999999999945 0.992737 0.00548181 0.00178164 1
75.199999999995 0.992788 0.00542722 0.00178528 1
75.2999999999955 0.992813 0.00539787 0.00178908 1
75.399999999996 0.992823 0.0053842 0.00179297 1
75.4999999999964 0.992823 0.00538028 0.00179692 1
75.5999999999969 0.992817 0.00538242 0.00180091 1
75.6999999999974 0.992807 0.00538833 0.00180493 1
75.7999999999979 0.992794 0.00539659 0.00180897 1
75.8999999999984 0.971443 0.0182098 0.0103474 1
75.9999999999988 0.982662 0.0134746 0.0038633 1
76.0999999999993 0.951209 0.0361416 0.012649 1
76.1999999999998 0.574817 0.22468 0.200503 1
76.3000000000003 0.357615 0.345669 0.296716 1
76.4000000000007 0.556023 0.333711 0.110266 1
76.5000000000012 0.0867268 0.502445 0.410828 1
76.6000000000017 0.0415483 0.536933 0.421519 1
76.7000000000022 0.092758 0.696564 0.210678 1
76.8000000000027 0.165921 0.745236 0.0888432 1
76.9000000000031 0.258691 0.706049 0.0352598 1
77.0000000000036 0.129639 0.827036 0.0433246 1
77.1000000000041 0.202755 0.778173 0.0190725 1
77.2000000000046 0.296447 0.69371 0.00984301 1
77.300000000005 0.407522 0.586228 0.00624981 1
77.4000000000055 0.526889 0.468457 0.00465384 1
77.500000000006 0.307115 0.676367 0.0165186 1
77.6000000000065 0.0477398 0.894739 0.0575217 1
77.700000000007 0.084003 0.890372 0.0256253 1
77.8000000000074 0.136287 0.850597 0.0131158 1
77.9000000000079 0.208449 0.783319 0.0082319 1
78.0000000000084 0.0981622 0.884273 0.0175652 1
78.1000000000089 0.0454559 0.92911 0.0254345 1
78.2000000000093 0.0791167 0.907477 0.0134063 1
78.3000000000098 0.0112669 0.942343 0.0463905 1
78.4000000000103 0.00480683 0.882401 0.112792 1
78.5000000000108 0.0161712 0.934541 0.0492877 1
78.6000000000112 0.0128935 0.935135 0.0519715 1
78.7000000000117 0.0290413 0.946942 0.0240163 1
78.8000000000122 0.053924 0.933061 0.0130154 1
78.9000000000127 0.00669928 0.941396 0.0519044 1
79.0000000000132 0.0190612 0.956855 0.0240839 1
79.1000000000136 0.0384039 0.948468 0.013128 1
79.2000000000141 0.0679094 0.923232 0.00885825 1
79.3000000000146 0.0115536 0.958826 0.0296201 1
79.4000000000151 0.00762615 0.955583 0.0367911 1
79.5000000000155 0.00575624 0.950374 0.0438694 1
79.600000000016 0.0174725 0.961617 0.0209101 1
79.7000000000165 0.0358349 0.952245 0.0119205 1
79.800000000017 0.0639335 0.927656 0.00841024 1
79.9000000000175 0.105784 0.887269 0.00694767 1
80.0000000000179 0.0477974 0.935688 0.0165142 1
80.1000000000184 0.00855411 0.940161 0.0512851 1
80.2000000000189 0.0219676 0.954263 0.0237698 1
80.3000000000194 0.042858 0.9442 0.0129419 1
80.4000000000198 0.0745795 0.916699 0.00872111 1
80.5000000000203 0.121328 0.87169 0.00698199 1
80.6000000000208 0.0587878 0.929194 0.0120179 1
80.7000000000213 0.0983488 0.893384 0.0082671 1
80.8000000000218 0.0444262 0.937849 0.0177252 1
80.9000000000222 0.0243861 0.953236 0.022378 1
81.0000000000227 0.0465466 0.941084 0.0123699 1
81.1000000000232 0.021901 0.956968 0.0211314 1
81.2000000000237 0.0132518 0.95981 0.0269378 1
81.3000000000241 0.00934333 0.957954 0.0327028 1
81.4000000000246 0.0111408 0.953562 0.0352973 1
81.5000000000251 0.0108837 0.95074 0.0383767 1
81.6000000000256 0.0255101 0.955863 0.018627 1
81.7000000000261 0.0481625 0.940914 0.0109239 1
81.8000000000265 0.0824035 0.909697 0.00789934 1
81.900000000027 0.132523 0.860874 0.00660358 1
82.0000000000275 0.0160549 0.94649 0.0374547 1
82.100000000028 0.0336781 0.948136 0.018186 1
82.2000000000284 0.015972 0.956653 0.0273748 1
82.3000000000289 0.00863397 0.955554 0.0358123 1
82.4000000000294 0.00980969 0.951411 0.0387792 1
82.5000000000299 0.0237365 0.957497 0.0187663 1
82.6000000000303 0.0453602 0.94368 0.0109594 1
82.7000000000308 0.0781458 0.913954 0.00789993 1
82.8000000000313 0.126341 0.867059 0.00659954 1
82.9000000000318 0.00545443 0.921513 0.0730325 1
83.0000000000323 0.0168285 0.950695 0.0324766 1
83.1000000000327 0.0347625 0.949016 0.016222 1
83.2000000000332 0.0622311 0.927868 0.00990137 1
83.3000000000337 0.103196 0.88941 0.00739401 1
83.4000000000342 0.161998 0.831727 0.00627498 1
83.5000000000346 0.0037454 0.880865 0.115389 1
83.6000000000351 0.0140279 0.935673 0.0502994 1
83.7000000000356 0.0305015 0.946323 0.0231755 1
