0 1 0 0 0
0.01 0.999881 5.93972E-05 5.93972E-05 0.1
0.02 0.999771 0.00011656 0.000111995 0.8
0.03 0.99967 0.000171573 0.000158575 0.8
0.04 0.999576 0.000224517 0.000199832 0.8
0.05 0.999488 0.00027547 0.000236378 0.8
0.06 0.999407 0.000324507 0.000268754 0.8
0.07 0.999331 0.000371701 0.000297441 0.8
0.08 0.99926 0.000417121 0.000322863 0.8
0.09 0.995054 0.00170631 0.00324017 0.8
0.1 0.994987 0.00175912 0.00325427 0.1
0.11 0.99492 0.00181171 0.00326822 0.1
0.12 0.994854 0.00186408 0.00328201 0.1
0.13 0.994788 0.00191624 0.00329565 0.1
0.14 0.994723 0.00196819 0.00330913 0.1
0.15 0.994658 0.00201992 0.00332246 0.1
0.16 0.994593 0.00207145 0.00333564 0.1
0.17 0.994529 0.00212276 0.00334867 0.1
0.18 0.994465 0.00217387 0.00336156 0.1
0.19 0.994401 0.00222477 0.00337431 0.1
0.2 0.994338 0.00227546 0.00338691 0.1
0.21 0.994275 0.00232594 0.00339937 0.1
0.22 0.994212 0.00237622 0.0034117 0.1
0.23 0.99415 0.00242629 0.00342389 0.1
0.24 0.994088 0.00247616 0.00343595 0.1
0.25 0.994026 0.00252583 0.00344788 0.1
0.26 0.993965 0.0025753 0.00345967 0.1
0.27 0.993904 0.00262456 0.00347134 0.1
0.28 0.993843 0.00267363 0.00348288 0.1
0.29 0.993783 0.00272249 0.00349429 0.1
0.3 0.993723 0.00277116 0.00350558 0.1
0.31 0.993664 0.00281963 0.00351675 0.1
0.32 0.993604 0.0028679 0.0035278 0.1
0.33 0.993545 0.00291597 0.00353873 0.1
0.34 0.993487 0.00296385 0.00354955 0.1
0.35 0.993428 0.00301154 0.00356025 0.1
0.36 0.99337 0.00305903 0.00357083 0.1
0.37 0.993312 0.00310633 0.0035813 0.1
0.38 0.993255 0.00315344 0.00359166 0.1
0.39 0.993198 0.00320036 0.00360192 0.1
0.4 0.993141 0.00324709 0.00361206 0.1
0.41 0.993084 0.00329363 0.0036221 0.1
0.42 0.993028 0.00333998 0.00363203 0.1
0.43 0.992972 0.00338614 0.00364186 0.1
0.44 0.992916 0.00343212 0.00365159 0.1
0.45 0.992861 0.00347791 0.00366121 0.1
0.46 0.992806 0.00352351 0.00367074 0.1
0.47 0.992751 0.00356893 0.00368017 0.1
0.48 0.992696 0.00361417 0.0036895 0.1
0.49 0.992642 0.00365922 0.00369873 0.1
0.5 0.992588 0.00370409 0.00370787 0.1
0.51 0.992534 0.00374879 0.00371692 0.1
0.52 0.992481 0.0037933 0.00372588 0.1
0.53 0.992428 0.00383763 0.00373474 0.1
0.54 0.992375 0.00388178 0.00374352 0.1
0.55 0.992322 0.00392575 0.0037522 0.1
0.56 0.99227 0.00396955 0.0037608 0.1
0.57 0.992218 0.00401317 0.00376932 0.1
0.58 0.992166 0.00405661 0.00377774 0.1
0.59 0.992114 0.00409988 0.00378609 0.1
0.6 0.992063 0.00414297 0.00379435 0.1
0.61 0.992012 0.00418589 0.00380253 0.1
0.62 0.991961 0.00422864 0.00381063 0.1
0.63 0.99191 0.00427122 0.00381865 0.1
0.64 0.99186 0.00431362 0.00382659 0.1
0.65 0.99181 0.00435586 0.00383446 0.1
0.66 0.99176 0.00439792 0.00384225 0.1
0.67 0.99171 0.00443982 0.00384996 0.1
0.68 0.991661 0.00448154 0.0038576 0.1
0.69 0.991612 0.0045231 0.00386516 0.1
0.7 0.991563 0.00456449 0.00387265 0.1
0.71 0.991514 0.00460572 0.00388007 0.1
0.72 0.991466 0.00464678 0.00388742 0.1
0.73 0.991418 0.00468767 0.0038947 0.1
0.74 0.99137 0.00472841 0.00390191 0.1
0.75 0.991322 0.00476897 0.00390905 0.1
0.76 0.991274 0.00480938 0.00391613 0.1
0.77 0.991227 0.00484962 0.00392314 0.1
0.78 0.99118 0.0048897 0.00393008 0.1
0.79 0.991133 0.00492963 0.00393696 0.1
0.8 0.991087 0.00496939 0.00394378 0.1
0.810000000000001 0.99104 0.00500899 0.00395053 0.1
0.820000000000001 0.990994 0.00504843 0.00395722 0.1
0.830000000000001 0.990948 0.00508772 0.00396385 0.1
0.840000000000001 0.990903 0.00512685 0.00397042 0.1
0.850000000000001 0.990857 0.00516582 0.00397693 0.1
0.860000000000001 0.990812 0.00520464 0.00398338 0.1
0.870000000000001 0.990767 0.0052433 0.00398977 0.1
0.880000000000001 0.990722 0.00528181 0.00399611 0.1
0.890000000000001 0.990677 0.00532016 0.00400238 0.1
0.900000000000001 0.990633 0.00535836 0.00400861 0.1
0.910000000000001 0.990589 0.00539641 0.00401477 0.1
0.920000000000001 0.990545 0.00543431 0.00402088 0.1
0.930000000000001 0.990501 0.00547205 0.00402694 0.1
0.940000000000001 0.990457 0.00550965 0.00403295 0.1
0.950000000000001 0.990414 0.00554709 0.0040389 0.1
0.960000000000001 0.990371 0.00558439 0.0040448 0.1
0.970000000000001 0.990328 0.00562153 0.00405065 0.1
0.980000000000001 0.990285 0.00565853 0.00405644 0.1
0.990000000000001 0.990242 0.00569538 0.00406219 0.1
1 0.9902 0.00573209 0.00406789 0.1
1.01 0.990158 0.00576865 0.00407354 0.1
1.02 0.990116 0.00580506 0.00407914 0.1
1.03 0.990074 0.00584133 0.0040847 0.1
1.04 0.990032 0.00587746 0.00409021 0.1
1.05 0.989991 0.00591344 0.00409567 0.1
1.06 0.98995 0.00594928 0.00410108 0.1
1.07 0.989909 0.00598497 0.00410645 0.1
1.08 0.989868 0.00602053 0.00411178 0.1
1.09 0.989827 0.00605594 0.00411706 0.1
1.1 0.989786 0.00609121 0.0041223 0.1
1.11 0.989746 0.00612635 0.00412749 0.1
1.12 0.989706 0.00616134 0.00413265 0.1
1.13 0.989666 0.0061962 0.00413776 0.1
1.14 0.989626 0.00623091 0.00414283 0.1
1.15 0.989587 0.00626549 0.00414786 0.1
1.16 0.989547 0.00629994 0.00415284 0.1
1.17 0.989508 0.00633424 0.00415779 0.1
1.18 0.989469 0.00636841 0.0041627 0.1
1.19 0.98943 0.00640245 0.00416757 0.1
1.2 0.989391 0.00643635 0.0041724 0.1
1.21 0.989353 0.00647012 0.0041772 0.1
1.22 0.989314 0.00650375 0.00418195 0.1
1.23 0.989276 0.00653725 0.00418667 0.1
1.24 0.989238 0.00657062 0.00419135 0.1
1.25 0.9892 0.00660386 0.004196 0.1
1.26 0.989162 0.00663697 0.00420061 0.1
1.27 0.989125 0.00666994 0.00420519 0.1
1.28 0.989087 0.00670279 0.00420973 0.1
1.29 0.98905 0.0067355 0.00421423 0.1
1.3 0.989013 0.00676809 0.0042187 0.1
1.31 0.988976 0.00680055 0.00422314 0.1
1.32 0.98894 0.00683288 0.00422755 0.1
1.33 0.988903 0.00686509 0.00423192 0.1
1.34 0.988867 0.00689716 0.00423626 0.1
1.35 0.98883 0.00692912 0.00424057 0.1
1.36 0.988794 0.00696094 0.00424485 0.1
1.37 0.988758 0.00699264 0.00424909 0.1
1.38 0.988722 0.00702422 0.00425331 0.1
1.39 0.988687 0.00705567 0.00425749 0.1
1.4 0.988651 0.007087 0.00426164 0.1
1.41 0.988616 0.00711821 0.00426577 0.1
1.42 0.988581 0.00714929 0.00426986 0.1
1.43 0.988546 0.00718026 0.00427393 0.1
1.44 0.988511 0.0072111 0.00427796 0.1
1.45 0.988476 0.00724182 0.00428197 0.1
1.46 0.988442 0.00727242 0.00428595 0.1
1.47 0.988407 0.0073029 0.00428991 0.1
1.48 0.988373 0.00733326 0.00429383 0.1
1.49 0.988339 0.0073635 0.00429773 0.1
1.5 0.988305 0.00739362 0.0043016 0.1
1.51 0.988271 0.00742363 0.00430545 0.1
1.52 0.988237 0.00745352 0.00430926 0.1
1.53 0.988204 0.00748329 0.00431306 0.1
1.54 0.98817 0.00751295 0.00431682 0.1
1.55 0.988137 0.00754249 0.00432057 0.1
1.56 0.988104 0.00757192 0.00432428 0.1
1.57 0.988071 0.00760123 0.00432798 0.1
1.58 0.988038 0.00763042 0.00433164 0.1
1.59 0.988005 0.00765951 0.00433529 0.1
1.6 0.987973 0.00768848 0.00433891 0.1
1.61 0.98794 0.00771733 0.00434251 0.1
1.62 0.987908 0.00774608 0.00434608 0.1
1.63 0.987876 0.00777471 0.00434963 0.1
1.64 0.987844 0.00780323 0.00435316 0.1
1.65 0.987812 0.00783165 0.00435666 0.1
1.66 0.98778 0.00785995 0.00436015 0.1
1.67 0.987748 0.00788814 0.00436361 0.1
1.68 0.987717 0.00791622 0.00436705 0.1
1.69 0.987685 0.00794419 0.00437047 0.1
1.7 0.987654 0.00797206 0.00437386 0.1
1.71 0.987623 0.00799981 0.00437724 0.1
1.72 0.987592 0.00802746 0.00438059 0.1
1.73 0.987561 0.008055 0.00438393 0.1
1.74 0.98753 0.00808244 0.00438724 0.1
1.75 0.9875 0.00810977 0.00439054 0.1
1.76 0.987469 0.00813699 0.00439381 0.1
1.77 0.987439 0.00816411 0.00439707 0.1
1.78 0.987409 0.00819112 0.0044003 0.1
1.79 0.987378 0.00821803 0.00440352 0.1
1.8 0.987348 0.00824484 0.00440671 0.1
1.81 0.987319 0.00827154 0.00440989 0.1
1.82 0.987289 0.00829814 0.00441305 0.1
1.83 0.987259 0.00832464 0.00441619 0.1
1.84 0.98723 0.00835103 0.00441932 0.1
1.85 0.9872 0.00837732 0.00442242 0.1
1.86 0.987171 0.00840351 0.00442551 0.1
1.87 0.987142 0.00842961 0.00442858 0.1
1.88 0.987113 0.0084556 0.00443163 0.1
1.89 0.987084 0.00848149 0.00443467 0.1
1.9 0.987055 0.00850728 0.00443769 0.1
1.91 0.987026 0.00853297 0.00444069 0.1
1.92 0.986998 0.00855856 0.00444368 0.1
1.93 0.986969 0.00858406 0.00444664 0.1
1.94 0.986941 0.00860946 0.0044496 0.1
1.95 0.986913 0.00863476 0.00445253 0.1
1.96 0.986885 0.00865996 0.00445545 0.1
1.97 0.986857 0.00868506 0.00445836 0.1
1.98 0.986829 0.00871008 0.00446125 0.1
1.99 0.986801 0.00873499 0.00446412 0.1
2 0.986773 0.00875981 0.00446698 0.1
2.01 0.986746 0.00878453 0.00446982 0.1
2.02 0.986718 0.00880916 0.00447265 0.1
2.03 0.986691 0.0088337 0.00447547 0.1
2.04 0.986664 0.00885814 0.00447827 0.1
2.05 0.986636 0.00888249 0.00448105 0.1
2.06 0.986609 0.00890675 0.00448382 0.1
2.07 0.986583 0.00893091 0.00448658 0.1
2.08 0.986556 0.00895498 0.00448932 0.1
2.09 0.986529 0.00897896 0.00449205 0.1
2.1 0.986502 0.00900285 0.00449476 0.1
2.11 0.986476 0.00902665 0.00449747 0.1
2.12 0.986449 0.00905036 0.00450015 0.1
2.13 0.986423 0.00907398 0.00450283 0.1
2.14 0.986397 0.0090975 0.00450549 0.1
2.15 0.986371 0.00912094 0.00450814 0.1
2.16 0.986345 0.00914429 0.00451077 0.1
2.17 0.986319 0.00916755 0.0045134 0.1
2.18 0.986293 0.00919072 0.00451601 0.1
2.19 0.986268 0.00921381 0.0045186 0.1
2.2 0.986242 0.00923681 0.00452119 0.1
2.21 0.986217 0.00925972 0.00452376 0.1
2.22 0.986191 0.00928254 0.00452632 0.1
2.23 0.986166 0.00930528 0.00452887 0.1
2.24 0.986141 0.00932793 0.00453141 0.1
2.25 0.986116 0.0093505 0.00453394 0.1
2.26 0.986091 0.00937298 0.00453645 0.1
2.27 0.986066 0.00939537 0.00453895 0.1
2.28 0.986041 0.00941768 0.00454144 0.1
2.29 0.986016 0.00943991 0.00454392 0.1
2.29999999999999 0.985992 0.00946205 0.00454639 0.1
2.30999999999999 0.985967 0.00948411 0.00454885 0.1
2.31999999999999 0.985943 0.00950609 0.00455129 0.1
2.32999999999999 0.985918 0.00952799 0.00455373 0.1
2.33999999999999 0.985894 0.0095498 0.00455615 0.1
2.34999999999999 0.98587 0.00957153 0.00455857 0.1
2.35999999999999 0.985846 0.00959318 0.00456097 0.1
2.36999999999999 0.985822 0.00961474 0.00456337 0.1
2.37999999999999 0.985798 0.00963623 0.00456575 0.1
2.38999999999999 0.985774 0.00965764 0.00456812 0.1
2.39999999999999 0.985751 0.00967896 0.00457048 0.1
2.40999999999999 0.985727 0.00970021 0.00457284 0.1
2.41999999999999 0.985703 0.00972137 0.00457518 0.1
2.42999999999999 0.98568 0.00974246 0.00457751 0.1
2.43999999999999 0.985657 0.00976347 0.00457983 0.1
2.44999999999999 0.985633 0.0097844 0.00458215 0.1
2.45999999999999 0.98561 0.00980525 0.00458445 0.1
2.46999999999999 0.985587 0.00982603 0.00458675 0.1
2.47999999999999 0.985564 0.00984672 0.00458903 0.1
2.48999999999999 0.985541 0.00986734 0.00459131 0.1
2.49999999999999 0.985519 0.00988788 0.00459357 0.1
2.50999999999999 0.985496 0.00990835 0.00459583 0.1
2.51999999999999 0.985473 0.00992874 0.00459808 0.1
2.52999999999999 0.985451 0.00994905 0.00460032 0.1
2.53999999999999 0.985428 0.00996929 0.00460255 0.1
2.54999999999999 0.985406 0.00998945 0.00460477 0.1
2.55999999999999 0.985383 0.0100095 0.00460698 0.1
2.56999999999999 0.985361 0.0100296 0.00460919 0.1
2.57999999999999 0.985339 0.0100495 0.00461138 0.1
2.58999999999999 0.985317 0.0100694 0.00461357 0.1
2.59999999999999 0.985295 0.0100892 0.00461575 0.1
2.60999999999999 0.985273 0.0101089 0.00461792 0.1
2.61999999999999 0.985251 0.0101285 0.00462008 0.1
2.62999999999999 0.98523 0.0101481 0.00462224 0.1
2.63999999999999 0.985208 0.0101676 0.00462438 0.1
2.64999999999999 0.985186 0.010187 0.00462652 0.1
2.65999999999999 0.985165 0.0102064 0.00462865 0.1
2.66999999999999 0.985144 0.0102257 0.00463078 0.1
2.67999999999999 0.985122 0.0102449 0.00463289 0.1
2.68999999999999 0.985901 0.00992783 0.00417139 0.8
2.69999999999999 0.986616 0.00962183 0.00376222 0.8
2.70999999999999 0.987274 0.00932657 0.00339948 0.8
2.71999999999999 0.98788 0.00904175 0.00307793 0.8
2.72999999999999 0.98844 0.00876706 0.00279289 0.8
2.73999999999999 0.988958 0.0085022 0.00254024 0.8
2.74999999999999 0.989437 0.00824687 0.0023163 0.8
2.75999999999999 0.989881 0.00800076 0.00211782 0.8
2.76999999999998 0.990295 0.00776358 0.00194189 0.8
2.77999999999998 0.990679 0.00753504 0.00178596 0.8
2.78999999999998 0.991037 0.00731485 0.00164775 0.8
2.79999999999998 0.991372 0.00710273 0.00152524 0.8
2.80999999999998 0.991685 0.0068984 0.00141664 0.8
2.81999999999998 0.991978 0.0067016 0.00132037 0.8
2.82999999999998 0.992253 0.00651206 0.00123502 0.8
2.83999999999998 0.992511 0.00632953 0.00115935 0.8
2.84999999999998 0.992754 0.00615377 0.00109226 0.8
2.85999999999998 0.992983 0.00598454 0.00103276 0.8
2.86999999999998 0.993198 0.00582159 0.000979987 0.8
2.87999999999998 0.993402 0.00566471 0.00093318 0.8
2.88999999999998 0.993595 0.00551368 0.000891656 0.8
2.89999999999998 0.993777 0.00536828 0.000854814 0.8
2.90999999999998 0.99395 0.00522832 0.000822119 0.8
2.91999999999998 0.994113 0.00509359 0.0007931 0.8
2.92999999999998 0.994269 0.00496391 0.000767338 0.8
2.93999999999998 0.994416 0.00483908 0.000744463 0.8
2.94999999999998 0.994557 0.00471893 0.000724146 0.8
2.95999999999998 0.994691 0.00460329 0.000706096 0.8
2.96999999999998 0.994818 0.00449199 0.000690057 0.8
2.97999999999998 0.994939 0.00438488 0.000675799 0.8
2.98999999999998 0.995055 0.00428179 0.000663122 0.8
2.99999999999998 0.995166 0.00418258 0.000651845 0.8
3.00999999999998 0.995271 0.0040871 0.000641812 0.8
3.01999999999998 0.995372 0.00399522 0.00063288 0.8
3.02999999999998 0.995468 0.0039068 0.000624927 0.8
3.03999999999998 0.978575 0.0152849 0.00614009 0.8
3.04999999999998 0.978592 0.0152837 0.00612435 0.1
3.05999999999998 0.978609 0.0152825 0.00610885 0.1
3.06999999999998 0.978625 0.0152813 0.00609358 0.1
3.07999999999998 0.978641 0.0152802 0.00607853 0.1
3.08999999999998 0.978657 0.015279 0.00606371 0.1
3.09999999999998 0.978673 0.0152779 0.00604911 0.1
3.10999999999998 0.978689 0.0152767 0.00603472 0.1
3.11999999999998 0.978704 0.0152756 0.00602055 0.1
3.12999999999998 0.978719 0.0152744 0.00600659 0.1
3.13999999999998 0.978734 0.0152733 0.00599284 0.1
3.14999999999998 0.978748 0.0152722 0.00597929 0.1
3.15999999999998 0.978763 0.0152711 0.00596595 0.1
3.16999999999998 0.978777 0.01527 0.0059528 0.1
3.17999999999998 0.978791 0.015269 0.00593985 0.1
3.18999999999998 0.978805 0.0152679 0.0059271 0.1
3.19999999999998 0.978819 0.0152668 0.00591453 0.1
3.20999999999998 0.978832 0.0152658 0.00590216 0.1
3.21999999999998 0.978845 0.0152647 0.00588996 0.1
3.22999999999998 0.978858 0.0152637 0.00587796 0.1
3.23999999999997 0.978871 0.0152627 0.00586613 0.1
3.24999999999997 0.978884 0.0152617 0.00585448 0.1
3.25999999999997 0.978896 0.0152607 0.005843 0.1
3.26999999999997 0.978909 0.0152597 0.0058317 0.1
3.27999999999997 0.978921 0.0152587 0.00582057 0.1
3.28999999999997 0.978933 0.0152577 0.0058096 0.1
3.29999999999997 0.978944 0.0152568 0.00579881 0.1
3.30999999999997 0.978956 0.0152558 0.00578817 0.1
3.31999999999997 0.978967 0.0152549 0.0057777 0.1
3.32999999999997 0.978979 0.0152539 0.00576738 0.1
3.33999999999997 0.97899 0.015253 0.00575722 0.1
3.34999999999997 0.979001 0.0152521 0.00574722 0.1
3.35999999999997 0.979011 0.0152512 0.00573737 0.1
3.36999999999997 0.979022 0.0152503 0.00572766 0.1
3.37999999999997 0.979032 0.0152494 0.00571811 0.1
3.38999999999997 0.979043 0.0152485 0.0057087 0.1
3.39999999999997 0.979053 0.0152477 0.00569943 0.1
3.40999999999997 0.979063 0.0152468 0.00569031 0.1
3.41999999999997 0.979073 0.015246 0.00568132 0.1
3.42999999999997 0.979082 0.0152452 0.00567248 0.1
3.43999999999997 0.979092 0.0152443 0.00566377 0.1
3.44999999999997 0.979101 0.0152435 0.00565519 0.1
3.45999999999997 0.979111 0.0152427 0.00564674 0.1
3.46999999999997 0.97912 0.0152419 0.00563843 0.1
3.47999999999997 0.979129 0.0152411 0.00563024 0.1
3.48999999999997 0.979137 0.0152404 0.00562218 0.1
3.49999999999997 0.979146 0.0152396 0.00561424 0.1
3.50999999999997 0.979155 0.0152389 0.00560643 0.1
3.51999999999997 0.979163 0.0152381 0.00559874 0.1
3.52999999999997 0.980226 0.0147414 0.0050324 0.8
3.53999999999997 0.981208 0.0142616 0.00452996 0.8
3.54999999999997 0.982117 0.0137984 0.00408426 0.8
3.55999999999997 0.98296 0.0133513 0.00368892 0.8
3.56999999999997 0.983742 0.0129198 0.00333828 0.8
3.57999999999997 0.984469 0.0125036 0.0030273 0.8
3.58999999999997 0.985146 0.0121021 0.0027515 0.8
3.59999999999997 0.985778 0.011715 0.00250691 0.8
3.60999999999997 0.986368 0.0113418 0.00229 0.8
3.61999999999997 0.98692 0.010982 0.00209763 0.8
3.62999999999997 0.987438 0.0106352 0.00192702 0.8
3.63999999999997 0.987923 0.010301 0.0017757 0.8
3.64999999999997 0.98838 0.00997894 0.00164148 0.8
3.65999999999997 0.988809 0.00966867 0.00152242 0.8
3.66999999999997 0.989213 0.00936977 0.00141681 0.8
3.67999999999997 0.989595 0.00908183 0.0013231 0.8
3.68999999999997 0.989956 0.00880449 0.00123995 0.8
3.69999999999997 0.990296 0.00853738 0.00116616 0.8
3.70999999999996 0.956081 0.0327216 0.0111978 0.8
3.71999999999996 0.956225 0.0326521 0.0111228 0.1
3.72999999999996 0.956368 0.0325829 0.0110488 0.1
3.73999999999996 0.95651 0.0325139 0.0109759 0.1
3.74999999999996 0.956651 0.0324452 0.0109039 0.1
3.75999999999996 0.95679 0.0323767 0.0108329 0.1
3.76999999999996 0.956929 0.0323084 0.0107628 0.1
3.77999999999996 0.957066 0.0322404 0.0106937 0.1
3.78999999999996 0.957202 0.0321726 0.0106256 0.1
3.79999999999996 0.957337 0.032105 0.0105584 0.1
3.80999999999996 0.95747 0.0320377 0.010492 0.1
3.81999999999996 0.957603 0.0319707 0.0104266 0.1
3.82999999999996 0.957734 0.0319039 0.0103621 0.1
3.83999999999996 0.957864 0.0318373 0.0102984 0.1
3.84999999999996 0.957993 0.0317709 0.0102356 0.1
3.85999999999996 0.958122 0.0317048 0.0101736 0.1
3.86999999999996 0.958249 0.031639 0.0101125 0.1
3.87999999999996 0.958374 0.0315733 0.0100522 0.1
3.88999999999996 0.958499 0.0315079 0.00999273 0.1
3.89999999999996 0.958623 0.0314428 0.00993405 0.1
3.90999999999996 0.958746 0.0313779 0.00987617 0.1
3.91999999999996 0.958868 0.0313132 0.00981907 0.1
3.92999999999996 0.958989 0.0312488 0.00976274 0.1
3.93999999999996 0.959108 0.0311846 0.00970716 0.1
3.94999999999996 0.959227 0.0311206 0.00965234 0.1
3.95999999999996 0.959345 0.0310569 0.00959826 0.1
3.96999999999996 0.959462 0.0309934 0.00954491 0.1
3.97999999999996 0.959578 0.0309301 0.00949228 0.1
3.98999999999996 0.959693 0.0308671 0.00944035 0.1
3.99999999999996 0.959807 0.0308043 0.00938913 0.1
4.00999999999996 0.95992 0.0307417 0.0093386 0.1
4.01999999999996 0.960032 0.0306794 0.00928875 0.1
4.02999999999996 0.960143 0.0306173 0.00923957 0.1
4.03999999999996 0.960254 0.0305554 0.00919105 0.1
4.04999999999996 0.960363 0.0304938 0.00914318 0.1
4.05999999999996 0.960472 0.0304324 0.00909597 0.1
4.06999999999996 0.960579 0.0303712 0.00904938 0.1
4.07999999999996 0.960686 0.0303103 0.00900342 0.1
4.08999999999996 0.960792 0.0302496 0.00895808 0.1
4.09999999999996 0.960898 0.0301891 0.00891335 0.1
4.10999999999996 0.961002 0.0301289 0.00886923 0.1
4.11999999999996 0.961105 0.0300688 0.00882569 0.1
4.12999999999996 0.961208 0.0300091 0.00878274 0.1
4.13999999999996 0.96131 0.0299495 0.00874037 0.1
4.14999999999996 0.961411 0.0298902 0.00869856 0.1
4.15999999999996 0.961512 0.029831 0.00865732 0.1
4.16999999999996 0.961611 0.0297722 0.00861663 0.1
4.17999999999996 0.96171 0.0297135 0.00857649 0.1
4.18999999999996 0.961808 0.0296551 0.00853688 0.1
4.19999999999995 0.961905 0.0295969 0.00849781 0.1
4.20999999999995 0.962002 0.0295389 0.00845926 0.1
4.21999999999995 0.962098 0.0294811 0.00842123 0.1
4.22999999999995 0.962193 0.0294236 0.0083837 0.1
4.23999999999995 0.962287 0.0293663 0.00834668 0.1
4.24999999999995 0.962381 0.0293092 0.00831016 0.1
4.25999999999995 0.962474 0.0292523 0.00827412 0.1
4.26999999999995 0.962566 0.0291957 0.00823857 0.1
4.27999999999995 0.962657 0.0291393 0.00820349 0.1
4.28999999999995 0.962748 0.029083 0.00816888 0.1
4.29999999999995 0.962838 0.0290271 0.00813473 0.1
4.30999999999995 0.962928 0.0289713 0.00810104 0.1
4.31999999999995 0.963016 0.0289157 0.0080678 0.1
4.32999999999995 0.963105 0.0288604 0.00803501 0.1
4.33999999999995 0.963192 0.0288053 0.00800265 0.1
4.34999999999995 0.963279 0.0287504 0.00797072 0.1
4.35999999999995 0.963365 0.0286957 0.00793922 0.1
4.36999999999995 0.963451 0.0286413 0.00790814 0.1
4.37999999999995 0.963536 0.028587 0.00787747 0.1
4.38999999999995 0.96362 0.028533 0.00784722 0.1
4.39999999999995 0.963703 0.0284792 0.00781736 0.1
4.40999999999995 0.963787 0.0284255 0.0077879 0.1
4.41999999999995 0.963869 0.0283722 0.00775884 0.1
4.42999999999995 0.963951 0.028319 0.00773016 0.1
4.43999999999995 0.964032 0.028266 0.00770186 0.1
4.44999999999995 0.964113 0.0282132 0.00767394 0.1
4.45999999999995 0.964193 0.0281607 0.00764639 0.1
4.46999999999995 0.964272 0.0281083 0.00761921 0.1
4.47999999999995 0.964351 0.0280562 0.00759239 0.1
4.48999999999995 0.96443 0.0280043 0.00756592 0.1
4.49999999999995 0.964508 0.0279526 0.00753981 0.1
4.50999999999995 0.964585 0.0279011 0.00751404 0.1
4.51999999999995 0.964662 0.0278498 0.00748861 0.1
4.52999999999995 0.964738 0.0277987 0.00746352 0.1
4.53999999999995 0.964813 0.0277478 0.00743876 0.1
4.54999999999995 0.964889 0.0276971 0.00741433 0.1
4.55999999999995 0.964963 0.0276466 0.00739023 0.1
4.56999999999995 0.965037 0.0275964 0.00736644 0.1
4.57999999999995 0.965111 0.0275463 0.00734297 0.1
4.58999999999995 0.965184 0.0274964 0.00731981 0.1
4.59999999999995 0.965256 0.0274467 0.00729695 0.1
4.60999999999995 0.965328 0.0273973 0.00727439 0.1
4.61999999999995 0.9654 0.027348 0.00725214 0.1
4.62999999999995 0.965471 0.027299 0.00723018 0.1
4.63999999999995 0.965541 0.0272501 0.0072085 0.1
4.64999999999995 0.965611 0.0272014 0.00718712 0.1
4.65999999999995 0.965681 0.027153 0.00716601 0.1
4.66999999999994 0.96575 0.0271047 0.00714518 0.1
4.67999999999994 0.965819 0.0270566 0.00712463 0.1
4.68999999999994 0.965887 0.0270087 0.00710435 0.1
4.69999999999994 0.965955 0.0269611 0.00708433 0.1
4.70999999999994 0.966022 0.0269136 0.00706458 0.1
4.71999999999994 0.966089 0.0268663 0.00704509 0.1
4.72999999999994 0.966155 0.0268192 0.00702585 0.1
4.73999999999994 0.966221 0.0267723 0.00700687 0.1
4.74999999999994 0.966286 0.0267256 0.00698813 0.1
4.75999999999994 0.966351 0.0266791 0.00696964 0.1
4.76999999999994 0.966416 0.0266327 0.0069514 0.1
4.77999999999994 0.96648 0.0265866 0.00693339 0.1
4.78999999999994 0.966544 0.0265407 0.00691562 0.1
4.79999999999994 0.966607 0.0264949 0.00689808 0.1
4.80999999999994 0.96667 0.0264493 0.00688077 0.1
4.81999999999994 0.966732 0.026404 0.00686369 0.1
4.82999999999994 0.966794 0.0263588 0.00684683 0.1
4.83999999999994 0.966856 0.0263138 0.00683019 0.1
4.84999999999994 0.966917 0.026269 0.00681377 0.1
4.85999999999994 0.966978 0.0262243 0.00679757 0.1
4.86999999999994 0.967039 0.0261799 0.00678157 0.1
4.87999999999994 0.967099 0.0261356 0.00676578 0.1
4.88999999999994 0.967158 0.0260915 0.0067502 0.1
4.89999999999994 0.967218 0.0260477 0.00673483 0.1
4.90999999999994 0.967276 0.0260039 0.00671965 0.1
4.91999999999994 0.967335 0.0259604 0.00670467 0.1
4.92999999999994 0.967393 0.0259171 0.00668988 0.1
4.93999999999994 0.967451 0.0258739 0.00667529 0.1
4.94999999999994 0.967508 0.0258309 0.00666089 0.1
4.95999999999994 0.967565 0.0257881 0.00664667 0.1
4.96999999999994 0.967622 0.0257455 0.00663264 0.1
4.97999999999994 0.967678 0.0257031 0.0066188 0.1
4.98999999999994 0.967734 0.0256608 0.00660513 0.1
4.99999999999994 0.96779 0.0256187 0.00659163 0.1
5.00999999999994 0.967845 0.0255768 0.00657832 0.1
5.01999999999994 0.9679 0.0255351 0.00656517 0.1
5.02999999999994 0.967954 0.0254935 0.0065522 0.1
5.03999999999994 0.968008 0.0254521 0.00653939 0.1
5.04999999999994 0.968062 0.0254109 0.00652675 0.1
5.05999999999994 0.968116 0.0253699 0.00651428 0.1
5.06999999999994 0.968169 0.025329 0.00650196 0.1
5.07999999999994 0.968222 0.0252883 0.0064898 0.1
5.08999999999994 0.968274 0.0252478 0.0064778 0.1
5.09999999999994 0.968327 0.0252074 0.00646596 0.1
5.10999999999994 0.968378 0.0251673 0.00645427 0.1
5.11999999999994 0.96843 0.0251273 0.00644272 0.1
5.12999999999994 0.968481 0.0250874 0.00643133 0.1
5.13999999999993 0.968532 0.0250478 0.00642008 0.1
5.14999999999993 0.968583 0.0250083 0.00640898 0.1
5.15999999999993 0.968633 0.0249689 0.00639802 0.1
5.16999999999993 0.968683 0.0249298 0.00638721 0.1
5.17999999999993 0.968733 0.0248908 0.00637653 0.1
5.18999999999993 0.968782 0.0248519 0.00636599 0.1
5.19999999999993 0.968831 0.0248133 0.00635558 0.1
5.20999999999993 0.96888 0.0247748 0.00634531 0.1
5.21999999999993 0.968928 0.0247364 0.00633516 0.1
5.22999999999993 0.968977 0.0246983 0.00632515 0.1
5.23999999999993 0.969024 0.0246603 0.00631527 0.1
5.24999999999993 0.969072 0.0246224 0.00630551 0.1
5.25999999999993 0.969119 0.0245847 0.00629588 0.1
5.26999999999993 0.969166 0.0245472 0.00628637 0.1
5.27999999999993 0.969213 0.0245098 0.00627699 0.1
5.28999999999993 0.96926 0.0244726 0.00626772 0.1
5.29999999999993 0.969306 0.0244356 0.00625857 0.1
5.30999999999993 0.969352 0.0243987 0.00624954 0.1
5.31999999999993 0.969397 0.024362 0.00624062 0.1
5.32999999999993 0.969443 0.0243254 0.00623182 0.1
5.33999999999993 0.969488 0.024289 0.00622313 0.1
5.34999999999993 0.85877 0.0860749 0.0551552 0.1
5.35999999999993 0.859604 0.0858611 0.0545348 0.1
5.36999999999993 0.860431 0.0856472 0.053922 0.1
5.37999999999993 0.86125 0.0854331 0.0533169 0.1
5.38999999999993 0.862062 0.0852189 0.0527193 0.1
5.39999999999993 0.862866 0.0850045 0.0521291 0.1
5.40999999999993 0.863664 0.0847901 0.0515462 0.1
5.41999999999993 0.864454 0.0845755 0.0509707 0.1
5.42999999999993 0.865237 0.0843608 0.0504023 0.1
5.43999999999993 0.866013 0.0841461 0.049841 0.1
5.44999999999993 0.866782 0.0839313 0.0492868 0.1
5.45999999999993 0.867544 0.0837164 0.0487395 0.1
5.46999999999993 0.868299 0.0835015 0.048199 0.1
5.47999999999993 0.869048 0.0832866 0.0476654 0.1
5.48999999999993 0.86979 0.0830717 0.0471384 0.1
5.49999999999993 0.870525 0.0828567 0.0466181 0.1
5.50999999999993 0.871254 0.0826418 0.0461043 0.1
5.51999999999993 0.871976 0.0824269 0.045597 0.1
5.52999999999993 0.872692 0.0822121 0.0450961 0.1
5.53999999999993 0.873401 0.0819973 0.0446016 0.1
5.54999999999993 0.874104 0.0817826 0.0441133 0.1
5.55999999999993 0.874801 0.0815679 0.0436311 0.1
5.56999999999993 0.875492 0.0813533 0.0431551 0.1
5.57999999999993 0.876176 0.0811389 0.0426851 0.1
5.58999999999993 0.876855 0.0809245 0.042221 0.1
5.59999999999993 0.877527 0.0807102 0.0417628 0.1
5.60999999999992 0.878193 0.0804961 0.0413105 0.1
5.61999999999992 0.878854 0.0802821 0.0408639 0.1
5.62999999999992 0.879509 0.0800682 0.040423 0.1
5.63999999999992 0.880158 0.0798545 0.0399877 0.1
5.64999999999992 0.880801 0.079641 0.039558 0.1
5.65999999999992 0.881439 0.0794277 0.0391337 0.1
5.66999999999992 0.882071 0.0792145 0.0387148 0.1
5.67999999999992 0.882697 0.0790015 0.0383013 0.1
5.68999999999992 0.883318 0.0787887 0.0378931 0.1
5.69999999999992 0.883934 0.0785762 0.0374901 0.1
5.70999999999992 0.884544 0.0783638 0.0370923 0.1
5.71999999999992 0.885149 0.0781517 0.0366995 0.1
5.72999999999992 0.885748 0.0779398 0.0363118 0.1
5.73999999999992 0.886343 0.0777282 0.035929 0.1
5.74999999999992 0.886932 0.0775168 0.0355512 0.1
5.75999999999992 0.887516 0.0773057 0.0351782 0.1
5.76999999999992 0.888095 0.0770948 0.03481 0.1
5.77999999999992 0.888669 0.0768842 0.0344465 0.1
5.78999999999992 0.889238 0.0766739 0.0340877 0.1
5.79999999999992 0.889803 0.0764639 0.0337335 0.1
5.80999999999992 0.890362 0.0762542 0.0333839 0.1
5.81999999999992 0.890916 0.0760448 0.0330387 0.1
5.82999999999992 0.891466 0.0758357 0.032698 0.1
5.83999999999992 0.892011 0.0756269 0.0323617 0.1
5.84999999999992 0.892552 0.0754185 0.0320298 0.1
5.85999999999992 0.893088 0.0752104 0.0317021 0.1
5.86999999999992 0.893619 0.0750026 0.0313787 0.1
5.87999999999992 0.894146 0.0747951 0.0310594 0.1
5.88999999999992 0.894668 0.074588 0.0307442 0.1
5.89999999999992 0.895186 0.0743813 0.0304332 0.1
5.90999999999992 0.895699 0.0741749 0.0301261 0.1
5.91999999999992 0.896208 0.0739689 0.029823 0.1
5.92999999999992 0.896713 0.0737632 0.0295238 0.1
5.93999999999992 0.897214 0.0735579 0.0292285 0.1
5.94999999999992 0.89771 0.0733531 0.0289371 0.1
5.95999999999992 0.898202 0.0731485 0.0286494 0.1
5.96999999999992 0.89869 0.0729444 0.0283654 0.1
5.97999999999992 0.899174 0.0727407 0.0280851 0.1
5.98999999999992 0.899654 0.0725374 0.0278084 0.1
5.99999999999992 0.90013 0.0723345 0.0275354 0.1
6.00999999999992 0.900602 0.072132 0.0272658 0.1
6.01999999999992 0.90107 0.0719299 0.0269998 0.1
6.02999999999992 0.901535 0.0717283 0.0267372 0.1
6.03999999999992 0.901995 0.071527 0.026478 0.1
6.04999999999992 0.902452 0.0713262 0.0262222 0.1
6.05999999999992 0.902904 0.0711259 0.0259697 0.1
6.06999999999992 0.903354 0.0709259 0.0257205 0.1
6.07999999999991 0.903799 0.0707264 0.0254746 0.1
6.08999999999991 0.904241 0.0705274 0.0252318 0.1
6.09999999999991 0.904679 0.0703288 0.0249922 0.1
6.10999999999991 0.905114 0.0701306 0.0247556 0.1
6.11999999999991 0.905545 0.0699329 0.0245222 0.1
6.12999999999991 0.905973 0.0697357 0.0242918 0.1
6.13999999999991 0.906397 0.0695389 0.0240644 0.1
6.14999999999991 0.906817 0.0693426 0.02384 0.1
6.15999999999991 0.907235 0.0691467 0.0236184 0.1
6.16999999999991 0.907649 0.0689514 0.0233998 0.1
6.17999999999991 0.90806 0.0687565 0.023184 0.1
6.18999999999991 0.908467 0.068562 0.022971 0.1
6.19999999999991 0.908871 0.0683681 0.0227608 0.1
6.20999999999991 0.909272 0.0681746 0.0225533 0.1
6.21999999999991 0.90967 0.0679816 0.0223485 0.1
6.22999999999991 0.910064 0.0677892 0.0221464 0.1
6.23999999999991 0.910456 0.0675972 0.0219469 0.1
6.24999999999991 0.910844 0.0674056 0.02175 0.1
6.25999999999991 0.91123 0.0672146 0.0215557 0.1
6.26999999999991 0.911612 0.0670241 0.0213639 0.1
6.27999999999991 0.91601 0.0648761 0.0191138 0.8
6.28999999999991 0.920119 0.0627769 0.0171044 0.8
6.29999999999991 0.923961 0.0607282 0.015311 0.8
6.30999999999991 0.927558 0.0587313 0.0137111 0.8
6.31999999999991 0.930928 0.056787 0.0122845 0.8
6.32999999999991 0.934091 0.0548958 0.011013 0.8
6.33999999999991 0.937062 0.0530578 0.00988017 0.8
6.34999999999991 0.939856 0.0512729 0.00887112 0.8
6.35999999999991 0.942486 0.049541 0.0079726 0.8
6.36999999999991 0.944966 0.0478614 0.00717266 0.8
6.37999999999991 0.947306 0.0462336 0.00646062 0.8
6.38999999999991 0.949516 0.0446568 0.00582691 0.8
6.39999999999991 0.951607 0.0431301 0.00526299 0.8
6.40999999999991 0.953586 0.0416527 0.00476119 0.8
6.41999999999991 0.955462 0.0402234 0.0043147 0.8
6.42999999999991 0.957241 0.0388413 0.00391742 0.8
6.43999999999991 0.958931 0.0375051 0.00356392 0.8
6.44999999999991 0.960537 0.0362138 0.00324936 0.8
6.45999999999991 0.962064 0.0349662 0.00296943 0.8
6.46999999999991 0.963519 0.0337611 0.00272029 0.8
6.47999999999991 0.964904 0.0325973 0.00249851 0.8
6.48999999999991 0.966225 0.0314737 0.00230106 0.8
6.49999999999991 0.967486 0.0303891 0.00212524 0.8
6.50999999999991 0.968689 0.0293424 0.00196862 0.8
6.51999999999991 0.969839 0.0283323 0.00182909 0.8
6.52999999999991 0.970938 0.0273577 0.00170473 0.8
6.53999999999991 0.971989 0.0264176 0.00159386 0.8
6.5499999999999 0.972994 0.0255108 0.00149497 0.8
6.5599999999999 0.973957 0.0246363 0.00140674 0.8
6.5699999999999 0.974879 0.023793 0.00132797 0.8
6.5799999999999 0.975762 0.0229799 0.00125762 0.8
6.5899999999999 0.976609 0.022196 0.00119476 0.8
6.5999999999999 0.977421 0.0214403 0.00113854 0.8
6.6099999999999 0.9782 0.0207118 0.00108825 0.8
6.6199999999999 0.978947 0.0200097 0.00104321 0.8
6.6299999999999 0.979664 0.019333 0.00100286 0.8
6.6399999999999 0.980352 0.0186809 0.000966669 0.8
6.6499999999999 0.981013 0.0180525 0.00093419 0.8
6.6599999999999 0.981648 0.017447 0.000905013 0.8
6.6699999999999 0.982258 0.0168635 0.000878777 0.8
6.6799999999999 0.982843 0.0163015 0.000855162 0.8
6.6899999999999 0.983406 0.0157599 0.000833884 0.8
6.6999999999999 0.983947 0.0152383 0.000814689 0.8
6.7099999999999 0.984467 0.0147358 0.000797353 0.8
6.7199999999999 0.984967 0.0142517 0.000781677 0.8
6.7299999999999 0.985447 0.0137855 0.000767483 0.8
6.7399999999999 0.985909 0.0133365 0.000754614 0.8
6.7499999999999 0.986353 0.012904 0.000742931 0.8
6.7599999999999 0.98678 0.0124874 0.000732308 0.8
6.7699999999999 0.987191 0.0120863 0.000722636 0.8
6.7799999999999 0.987586 0.0117 0.000713816 0.8
6.7899999999999 0.987966 0.011328 0.00070576 0.8
6.7999999999999 0.988332 0.0109698 0.00069839 0.8
6.8099999999999 0.988683 0.0106249 0.000691637 0.8
6.8199999999999 0.989022 0.0102928 0.00068544 0.8
6.8299999999999 0.989347 0.00997303 0.000679743 0.8
6.8399999999999 0.98966 0.00966515 0.000674498 0.8
6.8499999999999 0.989962 0.00936872 0.00066966 0.8
6.8599999999999 0.990251 0.00908332 0.00066519 0.8
6.8699999999999 0.99053 0.00880856 0.000661054 0.8
6.8799999999999 0.990799 0.00854404 0.000657221 0.8
6.8899999999999 0.991057 0.00828938 0.000653662 0.8
6.8999999999999 0.991305 0.00804423 0.000650353 0.8
6.9099999999999 0.991544 0.00780824 0.000647272 0.8
6.9199999999999 0.991775 0.00758106 0.000644398 0.8
6.9299999999999 0.991996 0.00736238 0.000641713 0.8
6.9399999999999 0.992209 0.00715187 0.000639203 0.8
6.9499999999999 0.992414 0.00694924 0.000636851 0.8
6.9599999999999 0.992611 0.0067542 0.000634645 0.8
6.9699999999999 0.992801 0.00656647 0.000632574 0.8
6.9799999999999 0.992984 0.00638576 0.000630627 0.8
6.9899999999999 0.993159 0.00621184 0.000628794 0.8
6.9999999999999 0.993328 0.00604444 0.000627067 0.8
7.0099999999999 0.970403 0.023469 0.00612774 0.8
7.01999999999989 0.971806 0.0226817 0.00551235 0.8
7.02999999999989 0.973113 0.0219208 0.00496593 0.8
7.03999999999989 0.974334 0.0211856 0.0044808 0.8
7.04999999999989 0.975474 0.0204756 0.00405012 0.8
7.05999999999989 0.976542 0.0197899 0.0036678 0.8
7.06999999999989 0.894897 0.0718437 0.0332596 0.8
7.07999999999989 0.895435 0.0716505 0.0329142 0.1
7.08999999999989 0.895969 0.0714577 0.0325733 0.1
7.09999999999989 0.896498 0.0712652 0.0322368 0.1
7.10999999999989 0.897022 0.071073 0.0319046 0.1
7.11999999999989 0.897542 0.070881 0.0315768 0.1
7.12999999999989 0.898057 0.0706894 0.0312532 0.1
7.13999999999989 0.898568 0.0704981 0.0309338 0.1
7.14999999999989 0.899074 0.0703071 0.0306185 0.1
7.15999999999989 0.899576 0.0701164 0.0303073 0.1
7.16999999999989 0.900074 0.0699261 0.0300002 0.1
7.17999999999989 0.900567 0.069736 0.0296971 0.1
7.18999999999989 0.901056 0.0695464 0.0293979 0.1
7.19999999999989 0.90154 0.0693571 0.0291026 0.1
7.20999999999989 0.902021 0.0691681 0.0288111 0.1
7.21999999999989 0.902497 0.0689795 0.0285235 0.1
7.22999999999989 0.902969 0.0687912 0.0282396 0.1
7.23999999999989 0.903437 0.0686033 0.0279593 0.1
7.24999999999989 0.903901 0.0684158 0.0276828 0.1
7.25999999999989 0.904362 0.0682286 0.0274098 0.1
7.26999999999989 0.904818 0.0680419 0.0271404 0.1
7.27999999999989 0.90527 0.0678555 0.0268745 0.1
7.28999999999989 0.905718 0.0676695 0.0266121 0.1
7.29999999999989 0.906163 0.0674839 0.026353 0.1
7.30999999999989 0.906604 0.0672986 0.0260974 0.1
7.31999999999989 0.907041 0.0671138 0.0258451 0.1
7.32999999999989 0.907474 0.0669294 0.0255961 0.1
7.33999999999989 0.907904 0.0667454 0.0253504 0.1
7.34999999999989 0.90833 0.0665618 0.0251079 0.1
7.35999999999989 0.908753 0.0663786 0.0248685 0.1
7.36999999999989 0.909172 0.0661958 0.0246323 0.1
7.37999999999989 0.909587 0.0660134 0.0243991 0.1
7.38999999999989 0.909999 0.0658315 0.024169 0.1
7.39999999999989 0.910408 0.06565 0.0239419 0.1
7.40999999999989 0.910813 0.0654689 0.0237178 0.1
7.41999999999989 0.911215 0.0652883 0.0234966 0.1
7.42999999999989 0.911614 0.065108 0.0232783 0.1
7.43999999999989 0.912009 0.0649283 0.0230628 0.1
7.44999999999989 0.912401 0.0647489 0.0228502 0.1
7.45999999999989 0.91279 0.06457 0.0226404 0.1
7.46999999999989 0.913175 0.0643916 0.0224333 0.1
7.47999999999989 0.913558 0.0642136 0.0222289 0.1
7.48999999999988 0.913937 0.064036 0.0220272 0.1
7.49999999999988 0.914313 0.0638589 0.0218281 0.1
7.50999999999988 0.914686 0.0636823 0.0216316 0.1
7.51999999999988 0.915056 0.0635061 0.0214377 0.1
7.52999999999988 0.915423 0.0633303 0.0212464 0.1
7.53999999999988 0.915787 0.0631551 0.0210575 0.1
7.54999999999988 0.916149 0.0629803 0.0208712 0.1
7.55999999999988 0.916507 0.0628059 0.0206872 0.1
7.56999999999988 0.916862 0.062632 0.0205057 0.1
7.57999999999988 0.917215 0.0624586 0.0203265 0.1
7.58999999999988 0.917565 0.0622857 0.0201497 0.1
7.59999999999988 0.917912 0.0621132 0.0199752 0.1
7.60999999999988 0.918256 0.0619412 0.019803 0.1
7.61999999999988 0.918597 0.0617697 0.0196331 0.1
7.62999999999988 0.918936 0.0615987 0.0194653 0.1
7.63999999999988 0.919272 0.0614281 0.0192998 0.1
7.64999999999988 0.919606 0.0612581 0.0191364 0.1
7.65999999999988 0.919936 0.0610885 0.0189752 0.1
7.66999999999988 0.920265 0.0609193 0.0188161 0.1
7.67999999999988 0.92059 0.0607507 0.0186591 0.1
7.68999999999988 0.920913 0.0605826 0.0185041 0.1
7.69999999999988 0.921234 0.0604149 0.0183511 0.1
7.70999999999988 0.921552 0.0602477 0.0182002 0.1
7.71999999999988 0.921868 0.0600811 0.0180512 0.1
7.72999999999988 0.922181 0.0599149 0.0179042 0.1
7.73999999999988 0.922492 0.0597492 0.0177591 0.1
7.74999999999988 0.9228 0.0595839 0.0176158 0.1
7.75999999999988 0.923106 0.0594192 0.0174745 0.1
7.76999999999988 0.92341 0.059255 0.017335 0.1
7.77999999999988 0.923711 0.0590913 0.0171973 0.1
7.78999999999988 0.924011 0.058928 0.0170615 0.1
7.79999999999988 0.924307 0.0587653 0.0169274 0.1
7.80999999999988 0.924602 0.058603 0.016795 0.1
7.81999999999988 0.924894 0.0584413 0.0166644 0.1
7.82999999999988 0.925184 0.05828 0.0165355 0.1
7.83999999999988 0.925472 0.0581193 0.0164083 0.1
7.84999999999988 0.925758 0.057959 0.0162827 0.1
7.85999999999988 0.926042 0.0577992 0.0161588 0.1
7.86999999999988 0.926324 0.05764 0.0160365 0.1
7.87999999999988 0.926603 0.0574812 0.0159158 0.1
7.88999999999988 0.92688 0.0573229 0.0157966 0.1
7.89999999999988 0.927156 0.0571652 0.015679 0.1
7.90999999999988 0.927429 0.0570079 0.015563 0.1
7.91999999999988 0.9277 0.0568512 0.0154484 0.1
7.92999999999988 0.92797 0.0566949 0.0153354 0.1
7.93999999999988 0.928237 0.0565391 0.0152238 0.1
7.94999999999987 0.928502 0.0563839 0.0151137 0.1
7.95999999999987 0.928766 0.0562291 0.015005 0.1
7.96999999999987 0.929027 0.0560748 0.0148977 0.1
7.97999999999987 0.929287 0.0559211 0.0147918 0.1
7.98999999999987 0.929545 0.0557678 0.0146873 0.1
7.99999999999987 0.929801 0.0556151 0.0145841 0.1
8.00999999999987 0.930055 0.0554628 0.0144823 0.1
8.01999999999987 0.930307 0.055311 0.0143818 0.1
8.02999999999987 0.930558 0.0551598 0.0142827 0.1
8.03999999999987 0.930806 0.055009 0.0141848 0.1
8.04999999999987 0.931053 0.0548588 0.0140881 0.1
8.05999999999987 0.931298 0.054709 0.0139927 0.1
8.06999999999987 0.931542 0.0545597 0.0138986 0.1
8.07999999999987 0.931783 0.054411 0.0138057 0.1
8.08999999999987 0.932023 0.0542627 0.013714 0.1
8.09999999999987 0.932262 0.054115 0.0136234 0.1
8.10999999999987 0.932498 0.0539677 0.0135341 0.1
8.11999999999987 0.932733 0.0538209 0.0134459 0.1
8.12999999999987 0.932967 0.0536747 0.0133588 0.1
8.13999999999987 0.933198 0.0535289 0.0132729 0.1
8.14999999999987 0.933428 0.0533836 0.013188 0.1
8.15999999999987 0.933657 0.0532389 0.0131043 0.1
8.16999999999987 0.933884 0.0530946 0.0130216 0.1
8.17999999999987 0.934109 0.0529508 0.0129401 0.1
8.18999999999987 0.934333 0.0528075 0.0128595 0.1
8.19999999999987 0.934555 0.0526647 0.01278 0.1
8.20999999999987 0.934776 0.0525224 0.0127015 0.1
8.21999999999987 0.934995 0.0523806 0.0126241 0.1
8.22999999999987 0.935213 0.0522393 0.0125476 0.1
8.23999999999987 0.935429 0.0520985 0.0124721 0.1
8.24999999999987 0.935644 0.0519581 0.0123976 0.1
8.25999999999987 0.935858 0.0518183 0.012324 0.1
8.26999999999987 0.93607 0.0516789 0.0122514 0.1
8.27999999999987 0.93628 0.0515401 0.0121798 0.1
8.28999999999987 0.936489 0.0514017 0.012109 0.1
8.29999999999987 0.936697 0.0512638 0.0120391 0.1
8.30999999999987 0.936903 0.0511264 0.0119702 0.1
8.31999999999987 0.937108 0.0509895 0.0119021 0.1
8.32999999999987 0.937312 0.0508531 0.0118349 0.1
8.33999999999987 0.937514 0.0507171 0.0117685 0.1
8.34999999999987 0.937715 0.0505817 0.011703 0.1
8.35999999999987 0.937915 0.0504467 0.0116383 0.1
8.36999999999987 0.938113 0.0503122 0.0115745 0.1
