0 1 0 0 0
0.01 0.999842 7.89091E-05 7.89091E-05 0.8
0.02 0.999686 0.000157493 0.000156735 0.1
0.03 0.999531 0.000235754 0.000233494 0.1
0.04 0.999377 0.000313693 0.000309201 0.1
0.05 0.999225 0.000391311 0.000383871 0.1
0.06 0.999074 0.000468611 0.000457521 0.1
0.07 0.998924 0.000545593 0.000530163 0.1
0.08 0.998776 0.00062226 0.000601814 0.1
0.09 0.998629 0.000698611 0.000672486 0.1
0.1 0.998574 0.000751223 0.000674419 0.8
0.11 0.998522 0.000801855 0.000676178 0.8
0.12 0.998472 0.000850583 0.000677782 0.8
0.13 0.998423 0.000897479 0.000679248 0.8
0.14 0.998377 0.000942613 0.00068059 0.8
0.15 0.998332 0.000986052 0.000681821 0.8
0.16 0.998289 0.00102786 0.000682954 0.8
0.17 0.998248 0.0010681 0.000683997 0.8
0.18 0.998208 0.00110683 0.000684961 0.8
0.19 0.99817 0.0011441 0.000685853 0.8
0.2 0.998133 0.00117998 0.000686682 0.8
0.21 0.998098 0.00121451 0.000687452 0.8
0.22 0.998064 0.00124775 0.00068817 0.8
0.23 0.998031 0.00127975 0.000688841 0.8
0.24 0.998 0.00131055 0.000689469 0.8
0.25 0.99797 0.00134019 0.00069006 0.8
0.26 0.997941 0.00136873 0.000690615 0.8
0.27 0.997913 0.0013962 0.000691139 0.8
0.28 0.997886 0.00142264 0.000691634 0.8
0.29 0.99786 0.0014481 0.000692103 0.8
0.3 0.997835 0.00147261 0.000692548 0.8
0.31 0.997811 0.0014962 0.000692972 0.8
0.32 0.997788 0.00151891 0.000693376 0.8
0.33 0.997765 0.00154078 0.000693762 0.8
0.34 0.997744 0.00156184 0.000694131 0.8
0.35 0.997723 0.00158211 0.000694485 0.8
0.36 0.997704 0.00160162 0.000694824 0.8
0.37 0.997684 0.00162041 0.000695151 0.8
0.38 0.997666 0.00163851 0.000695466 0.8
0.39 0.997648 0.00165593 0.000695769 0.8
0.4 0.997631 0.00167271 0.000696063 0.8
0.41 0.997615 0.00168886 0.000696346 0.8
0.42 0.997599 0.00170442 0.000696621 0.8
0.43 0.997584 0.0017194 0.000696888 0.8
0.44 0.997569 0.00173383 0.000697147 0.8
0.45 0.997555 0.00174773 0.000697399 0.8
0.46 0.997541 0.00176111 0.000697644 0.8
0.47 0.997528 0.001774 0.000697882 0.8
0.48 0.997515 0.00178642 0.000698115 0.8
0.49 0.997503 0.00179837 0.000698342 0.8
0.5 0.997492 0.00180989 0.000698564 0.8
0.51 0.99748 0.00182099 0.00069878 0.8
0.52 0.997469 0.00183168 0.000698993 0.8
0.53 0.997459 0.00184198 0.0006992 0.8
0.54 0.997449 0.0018519 0.000699404 0.8
0.55 0.997439 0.00186146 0.000699603 0.8
0.56 0.99743 0.00187068 0.000699799 0.8
0.57 0.99742 0.00187955 0.000699991 0.8
0.58 0.997412 0.00188811 0.00070018 0.8
0.59 0.997403 0.00189635 0.000700366 0.8
0.6 0.997395 0.00190429 0.000700548 0.8
0.61 0.997387 0.00191195 0.000700728 0.8
0.62 0.99738 0.00191933 0.000700905 0.8
0.63 0.997372 0.00192644 0.000701079 0.8
0.64 0.997365 0.0019333 0.000701251 0.8
0.65 0.997359 0.00193991 0.00070142 0.8
0.66 0.997352 0.00194628 0.000701587 0.8
0.67 0.997346 0.00195243 0.000701752 0.8
0.68 0.99734 0.00195836 0.000701914 0.8
0.69 0.997334 0.00196407 0.000702075 0.8
0.7 0.997328 0.00196958 0.000702233 0.8
0.71 0.997323 0.0019749 0.00070239 0.8
0.72 0.997317 0.00198003 0.000702545 0.8
0.73 0.997312 0.00198497 0.000702698 0.8
0.74 0.997307 0.00198975 0.00070285 0.8
0.75 0.997303 0.00199435 0.000703 0.8
0.76 0.997298 0.00199879 0.000703149 0.8
0.77 0.997294 0.00200308 0.000703296 0.8
0.78 0.997289 0.00200722 0.000703442 0.8
0.79 0.997285 0.00201122 0.000703586 0.8
0.8 0.997281 0.00201507 0.00070373 0.8
0.810000000000001 0.997277 0.0020188 0.000703872 0.8
0.820000000000001 0.997274 0.00202239 0.000704012 0.8
0.830000000000001 0.99727 0.00202586 0.000704152 0.8
0.840000000000001 0.997266 0.00202922 0.000704291 0.8
0.850000000000001 0.997263 0.00203246 0.000704428 0.8
0.860000000000001 0.99726 0.00203559 0.000704565 0.8
0.870000000000001 0.997257 0.00203861 0.000704701 0.8
0.880000000000001 0.997254 0.00204153 0.000704835 0.8
0.890000000000001 0.997251 0.00204436 0.000704969 0.8
0.900000000000001 0.997248 0.00204709 0.000705102 0.8
0.910000000000001 0.997245 0.00204973 0.000705235 0.8
0.920000000000001 0.997242 0.00205228 0.000705366 0.8
0.930000000000001 0.99724 0.00205475 0.000705497 0.8
0.940000000000001 0.997237 0.00205714 0.000705627 0.8
0.950000000000001 0.997235 0.00205945 0.000705756 0.8
0.960000000000001 0.997232 0.00206169 0.000705884 0.8
0.970000000000001 0.99723 0.00206385 0.000706012 0.8
0.980000000000001 0.997228 0.00206595 0.00070614 0.8
0.990000000000001 0.997226 0.00206798 0.000706267 0.8
1 0.997224 0.00206994 0.000706393 0.8
1.01 0.997222 0.00207185 0.000706519 0.8
1.02 0.99722 0.00207369 0.000706644 0.8
1.03 0.997218 0.00207548 0.000706768 0.8
1.04 0.997216 0.00207721 0.000706892 0.8
1.05 0.997214 0.00207889 0.000707016 0.8
1.06 0.997212 0.00208052 0.000707139 0.8
1.07 0.997211 0.0020821 0.000707262 0.8
1.08 0.997209 0.00208363 0.000707385 0.8
1.09 0.997207 0.00208512 0.000707507 0.8
1.1 0.997206 0.00208656 0.000707628 0.8
1.11 0.997204 0.00208796 0.00070775 0.8
1.12 0.997203 0.00208933 0.000707871 0.8
1.13 0.997201 0.00209065 0.000707991 0.8
1.14 0.9972 0.00209193 0.000708111 0.8
1.15 0.997199 0.00209318 0.000708231 0.8
1.16 0.997197 0.0020944 0.000708351 0.8
1.17 0.997196 0.00209558 0.000708471 0.8
1.18 0.997195 0.00209673 0.00070859 0.8
1.19 0.997193 0.00209785 0.000708709 0.8
1.2 0.997192 0.00209894 0.000708827 0.8
1.21 0.997191 0.0021 0.000708945 0.8
1.22 0.99719 0.00210103 0.000709064 0.8
1.23 0.997189 0.00210204 0.000709182 0.8
1.24 0.997188 0.00210302 0.000709299 0.8
1.25 0.997187 0.00210398 0.000709417 0.8
1.26 0.997186 0.00210491 0.000709534 0.8
1.27 0.997185 0.00210583 0.000709651 0.8
1.28 0.997184 0.00210671 0.000709768 0.8
1.29 0.997183 0.00210758 0.000709885 0.8
1.3 0.997182 0.00210843 0.000710001 0.8
1.31 0.997181 0.00210926 0.000710118 0.8
1.32 0.99718 0.00211007 0.000710234 0.8
1.33 0.997179 0.00211086 0.00071035 0.8
1.34 0.997178 0.00211164 0.000710466 0.8
1.35 0.997177 0.0021124 0.000710582 0.8
1.36 0.997176 0.00211314 0.000710698 0.8
1.37 0.997175 0.00211387 0.000710814 0.8
1.38 0.997174 0.00211458 0.000710929 0.8
1.39 0.997174 0.00211528 0.000711044 0.8
1.4 0.997173 0.00211596 0.00071116 0.8
1.41 0.997172 0.00211663 0.000711275 0.8
1.42 0.997171 0.00211729 0.00071139 0.8
1.43 0.997171 0.00211794 0.000711505 0.8
1.44 0.99717 0.00211857 0.00071162 0.8
1.45 0.997169 0.0021192 0.000711735 0.8
1.46 0.997168 0.00211981 0.000711849 0.8
1.47 0.997168 0.00212041 0.000711964 0.8
1.48 0.997167 0.00212101 0.000712079 0.8
1.49 0.997166 0.00212159 0.000712193 0.8
1.5 0.997166 0.00212216 0.000712308 0.8
1.51 0.997165 0.00212273 0.000712422 0.8
1.52 0.997164 0.00212328 0.000712536 0.8
1.53 0.997164 0.00212383 0.00071265 0.8
1.54 0.997163 0.00212437 0.000712765 0.8
1.55 0.997162 0.0021249 0.000712879 0.8
1.56 0.997162 0.00212542 0.000712993 0.8
1.57 0.997161 0.00212594 0.000713107 0.8
1.58 0.99716 0.00212645 0.000713221 0.8
1.59 0.99716 0.00212696 0.000713335 0.8
1.6 0.997159 0.00212745 0.000713449 0.8
1.61 0.997158 0.00212795 0.000713563 0.8
1.62 0.997158 0.00212843 0.000713677 0.8
1.63 0.997157 0.00212891 0.00071379 0.8
1.64 0.997157 0.00212939 0.000713904 0.8
1.65 0.997156 0.00212986 0.000714018 0.8
1.66 0.997156 0.00213032 0.000714132 0.8
1.67 0.997155 0.00213078 0.000714245 0.8
1.68 0.997154 0.00213124 0.000714359 0.8
1.69 0.997154 0.00213169 0.000714473 0.8
1.7 0.997153 0.00213213 0.000714586 0.8
1.71 0.997153 0.00213257 0.0007147 0.8
1.72 0.997152 0.00213301 0.000714814 0.8
1.73 0.997152 0.00213345 0.000714927 0.8
1.74 0.997151 0.00213388 0.000715041 0.8
1.75 0.997151 0.00213431 0.000715154 0.8
1.76 0.99715 0.00213473 0.000715268 0.8
1.77 0.997149 0.00213515 0.000715381 0.8
1.78 0.997149 0.00213557 0.000715495 0.8
1.79 0.997148 0.00213598 0.000715608 0.8
1.8 0.997148 0.00213639 0.000715722 0.8
1.81 0.997147 0.0021368 0.000715835 0.8
1.82 0.997147 0.00213721 0.000715949 0.8
1.83 0.997146 0.00213761 0.000716062 0.8
1.84 0.997146 0.00213801 0.000716176 0.8
1.85 0.997145 0.00213841 0.000716289 0.8
1.86 0.997145 0.00213881 0.000716403 0.8
1.87 0.997144 0.0021392 0.000716516 0.8
1.88 0.997144 0.0021396 0.000716629 0.8
1.89 0.997143 0.00213999 0.000716743 0.8
1.9 0.997143 0.00214037 0.000716856 0.8
1.91 0.997142 0.00214076 0.00071697 0.8
1.92 0.997142 0.00214114 0.000717083 0.8
1.93 0.997141 0.00214153 0.000717197 0.8
1.94 0.997141 0.00214191 0.00071731 0.8
1.95 0.99714 0.00214229 0.000717423 0.8
1.96 0.99714 0.00214267 0.000717537 0.8
1.97 0.997139 0.00214304 0.00071765 0.8
1.98 0.997139 0.00214342 0.000717764 0.8
1.99 0.997138 0.00214379 0.000717877 0.8
2 0.997138 0.00214416 0.000717991 0.8
2.01 0.997137 0.00214453 0.000718104 0.8
2.02 0.997137 0.0021449 0.000718218 0.8
2.03 0.997136 0.00214527 0.000718331 0.8
2.04 0.997136 0.00214564 0.000718445 0.8
2.05 0.997135 0.00214601 0.000718558 0.8
2.06 0.997135 0.00214637 0.000718672 0.8
2.07 0.997134 0.00214674 0.000718785 0.8
2.08 0.997134 0.0021471 0.000718899 0.8
2.09 0.997134 0.00214746 0.000719012 0.8
2.1 0.997133 0.00214782 0.000719126 0.8
2.11 0.997133 0.00214819 0.000719239 0.8
2.12 0.997132 0.00214855 0.000719353 0.8
2.13 0.997132 0.00214891 0.000719466 0.8
2.14 0.997131 0.00214926 0.00071958 0.8
2.15 0.997131 0.00214962 0.000719694 0.8
2.16 0.99713 0.00214998 0.000719807 0.8
2.17 0.99713 0.00215034 0.000719921 0.8
2.18 0.997129 0.00215069 0.000720034 0.8
2.19 0.997129 0.00215105 0.000720148 0.8
2.2 0.997128 0.0021514 0.000720262 0.8
2.21 0.997128 0.00215176 0.000720375 0.8
2.22 0.997127 0.00215211 0.000720489 0.8
2.23 0.997127 0.00215246 0.000720603 0.8
2.24 0.997126 0.00215281 0.000720716 0.8
2.25 0.997126 0.00215317 0.00072083 0.8
2.26 0.997126 0.00215352 0.000720944 0.8
2.27 0.997125 0.00215387 0.000721058 0.8
2.28 0.997125 0.00215422 0.000721171 0.8
2.29 0.997124 0.00215457 0.000721285 0.8
2.29999999999999 0.997124 0.00215492 0.000721399 0.8
2.30999999999999 0.997123 0.00215527 0.000721513 0.8
2.31999999999999 0.997123 0.00215562 0.000721626 0.8
2.32999999999999 0.997122 0.00215597 0.00072174 0.8
2.33999999999999 0.997122 0.00215632 0.000721854 0.8
2.34999999999999 0.997121 0.00215667 0.000721968 0.8
2.35999999999999 0.997121 0.00215702 0.000722082 0.8
2.36999999999999 0.99712 0.00215736 0.000722196 0.8
2.37999999999999 0.99712 0.00215771 0.00072231 0.8
2.38999999999999 0.99712 0.00215806 0.000722423 0.8
2.39999999999999 0.997119 0.0021584 0.000722537 0.8
2.40999999999999 0.997119 0.00215875 0.000722651 0.8
2.41999999999999 0.997118 0.0021591 0.000722765 0.8
2.42999999999999 0.997118 0.00215944 0.000722879 0.8
2.43999999999999 0.997117 0.00215979 0.000722993 0.8
2.44999999999999 0.997117 0.00216014 0.000723107 0.8
2.45999999999999 0.997116 0.00216048 0.000723221 0.8
2.46999999999999 0.997116 0.00216083 0.000723335 0.8
2.47999999999999 0.997115 0.00216117 0.000723449 0.8
2.48999999999999 0.997115 0.00216152 0.000723563 0.8
2.49999999999999 0.997114 0.00216187 0.000723677 0.8
2.50999999999999 0.997114 0.00216221 0.000723791 0.8
2.51999999999999 0.997114 0.00216256 0.000723906 0.8
2.52999999999999 0.997113 0.0021629 0.00072402 0.8
2.53999999999999 0.997113 0.00216324 0.000724134 0.8
2.54999999999999 0.997112 0.00216359 0.000724248 0.8
2.55999999999999 0.997112 0.00216393 0.000724362 0.8
2.56999999999999 0.997111 0.00216428 0.000724476 0.8
2.57999999999999 0.997111 0.00216462 0.00072459 0.8
2.58999999999999 0.99711 0.00216497 0.000724705 0.8
2.59999999999999 0.99711 0.00216531 0.000724819 0.8
2.60999999999999 0.997109 0.00216566 0.000724933 0.8
2.61999999999999 0.997109 0.002166 0.000725047 0.8
2.62999999999999 0.997108 0.00216634 0.000725162 0.8
2.63999999999999 0.997108 0.00216669 0.000725276 0.8
2.64999999999999 0.997108 0.00216703 0.00072539 0.8
2.65999999999999 0.997107 0.00216737 0.000725505 0.8
2.66999999999999 0.997107 0.00216772 0.000725619 0.8
2.67999999999999 0.984268 0.00856445 0.00716777 0.8
2.68999999999999 0.984237 0.00861093 0.00715227 0.1
2.69999999999999 0.984206 0.00865723 0.00713704 0.1
2.70999999999999 0.984175 0.00870334 0.00712208 0.1
2.71999999999999 0.984143 0.00874927 0.00710737 0.1
2.72999999999999 0.984112 0.00879501 0.00709292 0.1
2.73999999999999 0.984081 0.00884057 0.00707872 0.1
2.74999999999999 0.984049 0.00888595 0.00706477 0.1
2.75999999999999 0.984018 0.00893114 0.00705106 0.1
2.76999999999998 0.983986 0.00897616 0.0070376 0.1
2.77999999999998 0.983955 0.00902099 0.00702437 0.1
2.78999999999998 0.983923 0.00906564 0.00701138 0.1
2.79999999999998 0.983891 0.00911011 0.00699861 0.1
2.80999999999998 0.98386 0.00915441 0.00698607 0.1
2.81999999999998 0.983828 0.00919853 0.00697376 0.1
2.82999999999998 0.983796 0.00924247 0.00696166 0.1
2.83999999999998 0.983764 0.00928624 0.00694979 0.1
2.84999999999998 0.983732 0.00932983 0.00693812 0.1
2.85999999999998 0.9837 0.00937325 0.00692667 0.1
2.86999999999998 0.983668 0.00941649 0.00691542 0.1
2.87999999999998 0.983636 0.00945956 0.00690438 0.1
2.88999999999998 0.983604 0.00950246 0.00689354 0.1
2.89999999999998 0.983572 0.00954519 0.0068829 0.1
2.90999999999998 0.98354 0.00958775 0.00687245 0.1
2.91999999999998 0.983508 0.00963014 0.00686219 0.1
2.92999999999998 0.983476 0.00967236 0.00685213 0.1
2.93999999999998 0.983443 0.00971441 0.00684225 0.1
2.94999999999998 0.983411 0.0097563 0.00683255 0.1
2.95999999999998 0.983379 0.00979802 0.00682304 0.1
2.96999999999998 0.983347 0.00983957 0.0068137 0.1
2.97999999999998 0.983314 0.00988096 0.00680454 0.1
2.98999999999998 0.983282 0.00992218 0.00679555 0.1
2.99999999999998 0.98325 0.00996324 0.00678674 0.1
3.00999999999998 0.983218 0.0100041 0.00677809 0.1
3.01999999999998 0.983186 0.0100449 0.0067696 0.1
3.02999999999998 0.983153 0.0100854 0.00676128 0.1
3.03999999999998 0.983121 0.0101259 0.00675312 0.1
3.04999999999998 0.984093 0.00983598 0.0060708 0.8
3.05999999999998 0.984978 0.00955587 0.00546576 0.8
3.06999999999998 0.985785 0.00928531 0.00492932 0.8
3.07999999999998 0.986522 0.00902408 0.00445377 0.8
3.08999999999998 0.987196 0.00877194 0.00403225 0.8
3.09999999999998 0.987813 0.00852863 0.00365864 0.8
3.10999999999998 0.988379 0.00829393 0.00332754 0.8
3.11999999999998 0.988898 0.00806757 0.00303413 0.8
3.12999999999998 0.989377 0.00784932 0.00277412 0.8
3.13999999999998 0.989817 0.00763891 0.00254373 0.8
3.14999999999998 0.990224 0.0074361 0.00233958 0.8
3.15999999999998 0.990601 0.00724065 0.00215869 0.8
3.16999999999998 0.990949 0.00705233 0.0019984 0.8
3.17999999999998 0.991273 0.00687088 0.00185638 0.8
3.18999999999998 0.991573 0.00669608 0.00173053 0.8
3.19999999999998 0.991853 0.00652771 0.00161901 0.8
3.20999999999998 0.992114 0.00636555 0.00152019 0.8
3.21999999999998 0.992358 0.00620937 0.00143261 0.8
3.22999999999998 0.992586 0.00605897 0.00135499 0.8
3.23999999999997 0.9928 0.00591415 0.0012862 0.8
3.24999999999997 0.993 0.00577471 0.00122522 0.8
3.25999999999997 0.993188 0.00564045 0.00117116 0.8
3.26999999999997 0.993366 0.0055112 0.00112324 0.8
3.27999999999997 0.993532 0.00538676 0.00108074 0.8
3.28999999999997 0.99369 0.00526697 0.00104306 0.8
3.29999999999997 0.993839 0.00515166 0.00100964 0.8
3.30999999999997 0.993979 0.00504067 0.00097999 0.8
3.31999999999997 0.994112 0.00493383 0.000953688 0.8
3.32999999999997 0.994239 0.00483099 0.000930349 0.8
3.33999999999997 0.994358 0.00473202 0.000909635 0.8
3.34999999999997 0.994472 0.00463676 0.000891248 0.8
3.35999999999997 0.99458 0.00454508 0.000874922 0.8
3.36999999999997 0.994683 0.00445685 0.000860423 0.8
3.37999999999997 0.994781 0.00437193 0.000847544 0.8
3.38999999999997 0.994874 0.00429022 0.000836099 0.8
3.39999999999997 0.994962 0.00421158 0.000825928 0.8
3.40999999999997 0.995047 0.0041359 0.000816884 0.8
3.41999999999997 0.995128 0.00406308 0.000808841 0.8
3.42999999999997 0.995205 0.003993 0.000801686 0.8
3.43999999999997 0.995279 0.00392557 0.000795318 0.8
3.44999999999997 0.99535 0.00386069 0.000789649 0.8
3.45999999999997 0.995417 0.00379826 0.000784599 0.8
3.46999999999997 0.995482 0.00373819 0.0007801 0.8
3.47999999999997 0.995544 0.00368039 0.00077609 0.8
3.48999999999997 0.995603 0.00362477 0.000772513 0.8
3.49999999999997 0.995659 0.00357126 0.000769323 0.8
3.50999999999997 0.995714 0.00351978 0.000766475 0.8
3.51999999999997 0.978669 0.0137957 0.00753572 0.8
3.52999999999997 0.978659 0.0138213 0.00751965 0.1
3.53999999999997 0.978649 0.0138468 0.00750385 0.1
3.54999999999997 0.97864 0.0138722 0.0074883 0.1
3.55999999999997 0.97863 0.0138975 0.007473 0.1
3.56999999999997 0.978619 0.0139227 0.00745795 0.1
3.57999999999997 0.978609 0.0139478 0.00744315 0.1
3.58999999999997 0.978599 0.0139728 0.00742859 0.1
3.59999999999997 0.978588 0.0139977 0.00741427 0.1
3.60999999999997 0.978577 0.0140225 0.00740019 0.1
3.61999999999997 0.978566 0.0140473 0.00738634 0.1
3.62999999999997 0.978555 0.0140719 0.00737271 0.1
3.63999999999997 0.978544 0.0140964 0.00735931 0.1
3.64999999999997 0.978533 0.0141209 0.00734614 0.1
3.65999999999997 0.978522 0.0141452 0.00733318 0.1
3.66999999999997 0.97851 0.0141695 0.00732044 0.1
3.67999999999997 0.978498 0.0141936 0.00730791 0.1
3.68999999999997 0.978487 0.0142177 0.00729559 0.1
3.69999999999997 0.978475 0.0142417 0.00728347 0.1
3.70999999999996 0.978463 0.0142656 0.00727156 0.1
3.71999999999996 0.979638 0.013827 0.00653517 0.8
3.72999999999996 0.980715 0.0134031 0.00588186 0.8
3.73999999999996 0.981704 0.0129935 0.00530236 0.8
3.74999999999996 0.982614 0.0125979 0.0047884 0.8
3.75999999999996 0.983451 0.0122159 0.00433261 0.8
3.76999999999996 0.984224 0.0118473 0.00392846 0.8
3.77999999999996 0.984938 0.0114915 0.00357012 0.8
3.78999999999996 0.985599 0.0111484 0.00325241 0.8
3.79999999999996 0.986212 0.0108174 0.00297075 0.8
3.80999999999996 0.986781 0.0104983 0.00272104 0.8
3.81999999999996 0.98731 0.0101907 0.00249967 0.8
3.82999999999996 0.987802 0.00989412 0.00230342 0.8
3.83999999999996 0.988262 0.0096083 0.00212944 0.8
3.84999999999996 0.988692 0.00933288 0.00197518 0.8
3.85999999999996 0.989094 0.0090675 0.00183842 0.8
3.86999999999996 0.989471 0.00881183 0.00171716 0.8
3.87999999999996 0.989825 0.00856554 0.00160964 0.8
3.88999999999996 0.990157 0.0083283 0.00151428 0.8
3.89999999999996 0.99047 0.0080998 0.00142971 0.8
3.90999999999996 0.990766 0.00787974 0.0013547 0.8
3.91999999999996 0.991044 0.00766781 0.00128816 0.8
3.92999999999996 0.991307 0.00746373 0.00122912 0.8
3.93999999999996 0.991556 0.00726723 0.00117672 0.8
3.94999999999996 0.991792 0.00707802 0.00113023 0.8
3.95999999999996 0.992015 0.00689585 0.00108895 0.8
3.96999999999996 0.992227 0.00672047 0.0010523 0.8
3.97999999999996 0.992429 0.00655162 0.00101975 0.8
3.98999999999996 0.99262 0.00638907 0.000990834 0.8
3.99999999999996 0.992802 0.0062326 0.000965142 0.8
4.00999999999996 0.992976 0.00608197 0.000942306 0.8
4.01999999999996 0.993141 0.00593698 0.000922002 0.8
4.02999999999996 0.993299 0.00579742 0.000903944 0.8
4.03999999999996 0.993449 0.00566309 0.000887878 0.8
4.04999999999996 0.993593 0.00553379 0.000873577 0.8
4.05999999999996 0.99373 0.00540934 0.000860844 0.8
4.06999999999996 0.993861 0.00528957 0.0008495 0.8
4.07999999999996 0.993986 0.00517429 0.00083939 0.8
4.08999999999996 0.994106 0.00506335 0.000830375 0.8
4.09999999999996 0.994221 0.00495657 0.000822332 0.8
4.10999999999996 0.994331 0.00485381 0.000815152 0.8
4.11999999999996 0.994436 0.00475493 0.000808739 0.8
4.12999999999996 0.994537 0.00465976 0.000803008 0.8
4.13999999999996 0.994634 0.00456818 0.000797882 0.8
4.14999999999996 0.994727 0.00448005 0.000793295 0.8
4.15999999999996 0.994816 0.00439524 0.000789186 0.8
4.16999999999996 0.994901 0.00431363 0.000785504 0.8
4.17999999999996 0.994983 0.0042351 0.000782201 0.8
4.18999999999996 0.995061 0.00415953 0.000779237 0.8
4.19999999999995 0.995137 0.00408682 0.000776573 0.8
4.20999999999995 0.995209 0.00401685 0.000774178 0.8
4.21999999999995 0.995278 0.00394953 0.000772022 0.8
4.22999999999995 0.995345 0.00388475 0.000770081 0.8
4.23999999999995 0.995409 0.00382242 0.00076833 0.8
4.24999999999995 0.995471 0.00376245 0.00076675 0.8
4.25999999999995 0.99553 0.00370475 0.000765323 0.8
4.26999999999995 0.995587 0.00364923 0.000764033 0.8
4.27999999999995 0.995641 0.00359582 0.000762866 0.8
4.28999999999995 0.995694 0.00354443 0.000761808 0.8
4.29999999999995 0.995744 0.00349499 0.000760849 0.8
4.30999999999995 0.995793 0.00344742 0.000759979 0.8
4.31999999999995 0.995839 0.00340166 0.000759189 0.8
4.32999999999995 0.995884 0.00335763 0.000758471 0.8
4.33999999999995 0.995927 0.00331527 0.000757818 0.8
4.34999999999995 0.995968 0.00327453 0.000757223 0.8
4.35999999999995 0.996008 0.00323533 0.000756681 0.8
4.36999999999995 0.996046 0.00319762 0.000756188 0.8
4.37999999999995 0.996083 0.00316134 0.000755737 0.8
4.38999999999995 0.996118 0.00312645 0.000755327 0.8
4.39999999999995 0.996152 0.00309288 0.000754952 0.8
4.40999999999995 0.996185 0.00306059 0.00075461 0.8
4.41999999999995 0.996216 0.00302953 0.000754298 0.8
4.42999999999995 0.996246 0.00299966 0.000754013 0.8
4.43999999999995 0.996275 0.00297092 0.000753753 0.8
4.44999999999995 0.996303 0.00294329 0.000753516 0.8
4.45999999999995 0.99633 0.0029167 0.000753301 0.8
4.46999999999995 0.996356 0.00289113 0.000753104 0.8
4.47999999999995 0.996381 0.00286654 0.000752926 0.8
4.48999999999995 0.996404 0.00284289 0.000752764 0.8
4.49999999999995 0.996427 0.00282014 0.000752617 0.8
4.50999999999995 0.996449 0.00279827 0.000752484 0.8
4.51999999999995 0.99647 0.00277723 0.000752365 0.8
4.52999999999995 0.996491 0.002757 0.000752257 0.8
4.53999999999995 0.99651 0.00273755 0.000752162 0.8
4.54999999999995 0.996529 0.00271884 0.000752076 0.8
4.55999999999995 0.996547 0.00270085 0.000752001 0.8
4.56999999999995 0.996565 0.00268356 0.000751935 0.8
4.57999999999995 0.996581 0.00266693 0.000751878 0.8
4.58999999999995 0.996597 0.00265094 0.000751829 0.8
4.59999999999995 0.996613 0.00263556 0.000751787 0.8
4.60999999999995 0.996627 0.00262078 0.000751753 0.8
4.61999999999995 0.996642 0.00260657 0.000751726 0.8
4.62999999999995 0.996655 0.00259291 0.000751705 0.8
4.63999999999995 0.996669 0.00257978 0.00075169 0.8
4.64999999999995 0.996681 0.00256716 0.000751681 0.8
4.65999999999995 0.996693 0.00255502 0.000751677 0.8
4.66999999999994 0.996705 0.00254336 0.000751679 0.8
4.67999999999994 0.996716 0.00253215 0.000751686 0.8
4.68999999999994 0.996727 0.00252138 0.000751697 0.8
4.69999999999994 0.996737 0.00251103 0.000751712 0.8
4.70999999999994 0.996747 0.00250108 0.000751732 0.8
4.71999999999994 0.996757 0.00249152 0.000751756 0.8
4.72999999999994 0.996766 0.00248233 0.000751784 0.8
4.73999999999994 0.996775 0.0024735 0.000751815 0.8
4.74999999999994 0.996783 0.00246502 0.00075185 0.8
4.75999999999994 0.996791 0.00245688 0.000751889 0.8
4.76999999999994 0.996799 0.00244905 0.00075193 0.8
4.77999999999994 0.996806 0.00244153 0.000751975 0.8
4.78999999999994 0.996814 0.00243431 0.000752022 0.8
4.79999999999994 0.996821 0.00242738 0.000752072 0.8
4.80999999999994 0.996827 0.00242072 0.000752125 0.8
4.81999999999994 0.996833 0.00241433 0.000752181 0.8
4.82999999999994 0.99684 0.00240819 0.000752239 0.8
4.83999999999994 0.996845 0.00240229 0.000752299 0.8
4.84999999999994 0.996851 0.00239663 0.000752362 0.8
4.85999999999994 0.996856 0.0023912 0.000752427 0.8
4.86999999999994 0.996862 0.00238599 0.000752493 0.8
4.87999999999994 0.996866 0.00238098 0.000752562 0.8
4.88999999999994 0.996871 0.00237618 0.000752633 0.8
4.89999999999994 0.996876 0.00237157 0.000752706 0.8
4.90999999999994 0.99688 0.00236715 0.00075278 0.8
4.91999999999994 0.996884 0.00236291 0.000752856 0.8
4.92999999999994 0.996888 0.00235885 0.000752934 0.8
4.93999999999994 0.996892 0.00235495 0.000753013 0.8
4.94999999999994 0.996896 0.00235121 0.000753094 0.8
4.95999999999994 0.996899 0.00234763 0.000753176 0.8
4.96999999999994 0.996903 0.00234419 0.00075326 0.8
4.97999999999994 0.996906 0.0023409 0.000753345 0.8
4.98999999999994 0.996909 0.00233774 0.000753431 0.8
4.99999999999994 0.996912 0.00233472 0.000753519 0.8
5.00999999999994 0.996915 0.00233183 0.000753607 0.8
5.01999999999994 0.996917 0.00232905 0.000753697 0.8
5.02999999999994 0.99692 0.0023264 0.000753788 0.8
5.03999999999994 0.996922 0.00232386 0.00075388 0.8
5.04999999999994 0.996925 0.00232143 0.000753973 0.8
5.05999999999994 0.996927 0.0023191 0.000754067 0.8
5.06999999999994 0.996929 0.00231688 0.000754162 0.8
5.07999999999994 0.996931 0.00231475 0.000754258 0.8
5.08999999999994 0.996933 0.00231271 0.000754355 0.8
5.09999999999994 0.996935 0.00231077 0.000754452 0.8
5.10999999999994 0.996937 0.00230891 0.000754551 0.8
5.11999999999994 0.996938 0.00230714 0.00075465 0.8
5.12999999999994 0.99694 0.00230545 0.00075475 0.8
5.13999999999993 0.996941 0.00230383 0.00075485 0.8
5.14999999999993 0.996943 0.00230229 0.000754952 0.8
5.15999999999993 0.996944 0.00230082 0.000755054 0.8
5.16999999999993 0.996945 0.00229942 0.000755157 0.8
5.17999999999993 0.996947 0.00229809 0.00075526 0.8
5.18999999999993 0.996948 0.00229681 0.000755364 0.8
5.19999999999993 0.996949 0.00229561 0.000755468 0.8
5.20999999999993 0.99695 0.00229445 0.000755573 0.8
5.21999999999993 0.996951 0.00229336 0.000755679 0.8
5.22999999999993 0.996952 0.00229232 0.000755785 0.8
5.23999999999993 0.996953 0.00229134 0.000755892 0.8
5.24999999999993 0.996954 0.0022904 0.000755999 0.8
5.25999999999993 0.996954 0.00228951 0.000756106 0.8
5.26999999999993 0.996955 0.00228867 0.000756214 0.8
5.27999999999993 0.996956 0.00228788 0.000756323 0.8
5.28999999999993 0.996956 0.00228713 0.000756431 0.8
5.29999999999993 0.996957 0.00228642 0.000756541 0.8
5.30999999999993 0.996958 0.00228575 0.00075665 0.8
5.31999999999993 0.996958 0.00228512 0.00075676 0.8
5.32999999999993 0.996959 0.00228453 0.00075687 0.8
5.33999999999993 0.996959 0.00228397 0.000756981 0.8
5.34999999999993 0.996959 0.00228345 0.000757092 0.8
5.35999999999993 0.99696 0.00228296 0.000757203 0.8
5.36999999999993 0.99696 0.0022825 0.000757315 0.8
5.37999999999993 0.996961 0.00228207 0.000757427 0.8
5.38999999999993 0.996961 0.00228167 0.000757539 0.8
5.39999999999993 0.996961 0.00228131 0.000757652 0.8
5.40999999999993 0.996961 0.00228096 0.000757764 0.8
5.41999999999993 0.996961 0.00228065 0.000757878 0.8
5.42999999999993 0.996962 0.00228036 0.000757991 0.8
5.43999999999993 0.996962 0.00228009 0.000758104 0.8
5.44999999999993 0.996962 0.00227985 0.000758218 0.8
5.45999999999993 0.996962 0.00227963 0.000758332 0.8
5.46999999999993 0.996962 0.00227943 0.000758446 0.8
5.47999999999993 0.996962 0.00227926 0.000758561 0.8
5.48999999999993 0.996962 0.0022791 0.000758675 0.8
5.49999999999993 0.996962 0.00227896 0.00075879 0.8
5.50999999999993 0.996962 0.00227885 0.000758905 0.8
5.51999999999993 0.996962 0.00227875 0.00075902 0.8
5.52999999999993 0.996962 0.00227866 0.000759135 0.8
5.53999999999993 0.996962 0.0022786 0.000759251 0.8
5.54999999999993 0.996962 0.00227855 0.000759367 0.8
5.55999999999993 0.996962 0.00227851 0.000759482 0.8
5.56999999999993 0.996962 0.00227849 0.000759598 0.8
5.57999999999993 0.996962 0.00227848 0.000759714 0.8
5.58999999999993 0.996962 0.00227849 0.000759831 0.8
5.59999999999993 0.996962 0.00227851 0.000759947 0.8
5.60999999999992 0.996961 0.00227855 0.000760064 0.8
5.61999999999992 0.996961 0.00227859 0.00076018 0.8
5.62999999999992 0.996961 0.00227865 0.000760297 0.8
5.63999999999992 0.996961 0.00227872 0.000760414 0.8
5.64999999999992 0.996961 0.0022788 0.000760531 0.8
5.65999999999992 0.99696 0.00227889 0.000760648 0.8
5.66999999999992 0.99696 0.00227899 0.000760765 0.8
5.67999999999992 0.99696 0.0022791 0.000760883 0.8
5.68999999999992 0.99696 0.00227922 0.000761 0.8
5.69999999999992 0.99696 0.00227935 0.000761118 0.8
5.70999999999992 0.996959 0.00227949 0.000761235 0.8
5.71999999999992 0.996959 0.00227963 0.000761353 0.8
5.72999999999992 0.996959 0.00227978 0.000761471 0.8
5.73999999999992 0.996958 0.00227995 0.000761589 0.8
5.74999999999992 0.996958 0.00228011 0.000761707 0.8
5.75999999999992 0.996958 0.00228029 0.000761825 0.8
5.76999999999992 0.996958 0.00228047 0.000761943 0.8
5.77999999999992 0.996957 0.00228066 0.000762061 0.8
5.78999999999992 0.996957 0.00228086 0.00076218 0.8
5.79999999999992 0.996957 0.00228106 0.000762298 0.8
5.80999999999992 0.996956 0.00228127 0.000762416 0.8
5.81999999999992 0.996956 0.00228148 0.000762535 0.8
5.82999999999992 0.996956 0.0022817 0.000762654 0.8
5.83999999999992 0.996955 0.00228193 0.000762772 0.8
5.84999999999992 0.996955 0.00228216 0.000762891 0.8
5.85999999999992 0.996955 0.00228239 0.00076301 0.8
5.86999999999992 0.996954 0.00228263 0.000763129 0.8
5.87999999999992 0.996954 0.00228287 0.000763247 0.8
5.88999999999992 0.996954 0.00228312 0.000763366 0.8
5.89999999999992 0.996953 0.00228337 0.000763485 0.8
5.90999999999992 0.996953 0.00228363 0.000763604 0.8
5.91999999999992 0.996952 0.00228389 0.000763724 0.8
5.92999999999992 0.996952 0.00228415 0.000763843 0.8
5.93999999999992 0.996952 0.00228442 0.000763962 0.8
5.94999999999992 0.996951 0.00228469 0.000764081 0.8
5.95999999999992 0.996951 0.00228497 0.000764201 0.8
5.96999999999992 0.99695 0.00228524 0.00076432 0.8
5.97999999999992 0.99695 0.00228552 0.000764439 0.8
5.98999999999992 0.99695 0.00228581 0.000764559 0.8
5.99999999999992 0.996949 0.00228609 0.000764678 0.8
6.00999999999992 0.996949 0.00228638 0.000764798 0.8
6.01999999999992 0.996948 0.00228668 0.000764917 0.8
6.02999999999992 0.996948 0.00228697 0.000765037 0.8
6.03999999999992 0.996948 0.00228727 0.000765157 0.8
6.04999999999992 0.996947 0.00228757 0.000765276 0.8
6.05999999999992 0.996947 0.00228787 0.000765396 0.8
6.06999999999992 0.996946 0.00228817 0.000765516 0.8
6.07999999999991 0.996946 0.00228848 0.000765636 0.8
6.08999999999991 0.996945 0.00228879 0.000765756 0.8
6.09999999999991 0.996945 0.0022891 0.000765875 0.8
6.10999999999991 0.996945 0.00228941 0.000765995 0.8
6.11999999999991 0.996944 0.00228972 0.000766115 0.8
6.12999999999991 0.996944 0.00229004 0.000766235 0.8
6.13999999999991 0.996943 0.00229035 0.000766355 0.8
6.14999999999991 0.996943 0.00229067 0.000766475 0.8
6.15999999999991 0.996942 0.00229099 0.000766595 0.8
6.16999999999991 0.996942 0.00229131 0.000766716 0.8
6.17999999999991 0.996942 0.00229164 0.000766836 0.8
6.18999999999991 0.996941 0.00229196 0.000766956 0.8
6.19999999999991 0.996941 0.00229229 0.000767076 0.8
6.20999999999991 0.99694 0.00229262 0.000767196 0.8
6.21999999999991 0.99694 0.00229295 0.000767317 0.8
6.22999999999991 0.996939 0.00229328 0.000767437 0.8
6.23999999999991 0.983371 0.00905365 0.00757512 0.8
6.24999999999991 0.984389 0.00880793 0.00680264 0.8
6.25999999999991 0.985312 0.00857036 0.00611762 0.8
6.26999999999991 0.91246 0.0315066 0.0560333 0.8
6.27999999999991 0.913141 0.0314867 0.0553727 0.1
6.28999999999991 0.913813 0.0314666 0.0547206 0.1
6.29999999999991 0.914477 0.0314463 0.0540769 0.1
6.30999999999991 0.915133 0.0314257 0.0534416 0.1
6.31999999999991 0.915781 0.0314049 0.0528146 0.1
6.32999999999991 0.916421 0.0313838 0.0521957 0.1
6.33999999999991 0.917053 0.0313625 0.0515848 0.1
6.34999999999991 0.917677 0.031341 0.0509819 0.1
6.35999999999991 0.918294 0.0313193 0.0503869 0.1
6.36999999999991 0.918903 0.0312973 0.0497997 0.1
6.37999999999991 0.919505 0.0312751 0.0492201 0.1
6.38999999999991 0.920099 0.0312528 0.0486482 0.1
6.39999999999991 0.920686 0.0312302 0.0480837 0.1
6.40999999999991 0.921266 0.0312075 0.0475266 0.1
6.41999999999991 0.921839 0.0311845 0.0469769 0.1
6.42999999999991 0.922404 0.0311614 0.0464344 0.1
6.43999999999991 0.922963 0.0311381 0.0458991 0.1
6.44999999999991 0.923515 0.0311146 0.0453708 0.1
6.45999999999991 0.92406 0.0310909 0.0448496 0.1
6.46999999999991 0.924598 0.0310671 0.0443352 0.1
6.47999999999991 0.925129 0.0310431 0.0438276 0.1
6.48999999999991 0.925654 0.031019 0.0433267 0.1
6.49999999999991 0.926173 0.0309947 0.0428325 0.1
6.50999999999991 0.926685 0.0309702 0.0423449 0.1
6.51999999999991 0.927191 0.0309456 0.0418637 0.1
6.52999999999991 0.92769 0.0309209 0.0413889 0.1
6.53999999999991 0.928183 0.030896 0.0409205 0.1
6.5499999999999 0.928671 0.030871 0.0404583 0.1
6.5599999999999 0.929152 0.0308459 0.0400023 0.1
6.5699999999999 0.929627 0.0308206 0.0395524 0.1
6.5799999999999 0.930096 0.0307953 0.0391085 0.1
6.5899999999999 0.93056 0.0307698 0.0386705 0.1
6.5999999999999 0.931017 0.0307442 0.0382384 0.1
6.6099999999999 0.931469 0.0307185 0.0378121 0.1
6.6199999999999 0.931916 0.0306926 0.0373916 0.1
6.6299999999999 0.932357 0.0306667 0.0369766 0.1
6.6399999999999 0.932792 0.0306407 0.0365673 0.1
6.6499999999999 0.933222 0.0306146 0.0361635 0.1
6.6599999999999 0.933647 0.0305884 0.0357651 0.1
6.6699999999999 0.934066 0.0305621 0.035372 0.1
6.6799999999999 0.93448 0.0305357 0.0349843 0.1
6.6899999999999 0.934889 0.0305092 0.0346018 0.1
6.6999999999999 0.935293 0.0304827 0.0342245 0.1
6.7099999999999 0.935692 0.0304561 0.0338523 0.1
6.7199999999999 0.936085 0.0304294 0.0334851 0.1
6.7299999999999 0.936474 0.0304026 0.0331229 0.1
6.7399999999999 0.936859 0.0303758 0.0327657 0.1
6.7499999999999 0.937238 0.0303489 0.0324132 0.1
6.7599999999999 0.937612 0.030322 0.0320656 0.1
6.7699999999999 0.937982 0.030295 0.0317226 0.1
6.7799999999999 0.938348 0.0302679 0.0313844 0.1
6.7899999999999 0.938709 0.0302408 0.0310507 0.1
6.7999999999999 0.939065 0.0302136 0.0307216 0.1
6.8099999999999 0.939417 0.0301864 0.0303969 0.1
6.8199999999999 0.939764 0.0301592 0.0300767 0.1
6.8299999999999 0.940107 0.0301319 0.0297609 0.1
6.8399999999999 0.940446 0.0301046 0.0294493 0.1
6.8499999999999 0.940781 0.0300772 0.0291421 0.1
6.8599999999999 0.941111 0.0300498 0.028839 0.1
6.8699999999999 0.941438 0.0300224 0.02854 0.1
6.8799999999999 0.94176 0.0299949 0.0282452 0.1
6.8899999999999 0.942078 0.0299674 0.0279544 0.1
6.8999999999999 0.942393 0.0299399 0.0276676 0.1
6.9099999999999 0.942703 0.0299124 0.0273847 0.1
6.9199999999999 0.94301 0.0298848 0.0271057 0.1
6.9299999999999 0.943312 0.0298572 0.0268305 0.1
6.9399999999999 0.943611 0.0298297 0.0265591 0.1
6.9499999999999 0.943907 0.0298021 0.0262914 0.1
6.9599999999999 0.944198 0.0297745 0.0260274 0.1
6.9699999999999 0.944486 0.0297468 0.0257671 0.1
6.9799999999999 0.94477 0.0297192 0.0255103 0.1
6.9899999999999 0.945051 0.0296916 0.0252571 0.1
6.9999999999999 0.945329 0.0296639 0.0250073 0.1
7.0099999999999 0.945603 0.0296363 0.024761 0.1
7.01999999999989 0.945873 0.0296087 0.0245181 0.1
7.02999999999989 0.94614 0.029581 0.0242785 0.1
7.03999999999989 0.946404 0.0295534 0.0240423 0.1
7.04999999999989 0.946665 0.0295258 0.0238093 0.1
7.05999999999989 0.946922 0.0294982 0.0235795 0.1
7.06999999999989 0.947177 0.0294706 0.0233529 0.1
7.07999999999989 0.950597 0.0285507 0.0208521 0.8
7.08999999999989 0.953724 0.0276531 0.0186233 0.8
7.09999999999989 0.956583 0.0267784 0.0166382 0.8
7.10999999999989 0.959202 0.025927 0.0148713 0.8
7.11999999999989 0.961601 0.0250995 0.0132992 0.8
7.12999999999989 0.963803 0.0242958 0.0119012 0.8
7.13999999999989 0.965826 0.023516 0.0106584 0.8
7.14999999999989 0.967686 0.02276 0.00955395 0.8
7.15999999999989 0.9694 0.0220276 0.0085728 0.8
7.16999999999989 0.97098 0.0213185 0.00770138 0.8
7.17999999999989 0.97244 0.0206324 0.0069276 0.8
7.18999999999989 0.973791 0.0199688 0.00624066 0.8
7.19999999999989 0.975042 0.0193273 0.0056309 0.8
7.20999999999989 0.976203 0.0187075 0.00508974 0.8
7.21999999999989 0.977282 0.0181087 0.0046095 0.8
7.22999999999989 0.978286 0.0175306 0.00418336 0.8
7.23999999999989 0.979222 0.0169725 0.00380526 0.8
7.24999999999989 0.980096 0.0164339 0.0034698 0.8
7.25999999999989 0.980914 0.0159143 0.00317216 0.8
7.26999999999989 0.981679 0.015413 0.0029081 0.8
7.27999999999989 0.982397 0.0149296 0.00267382 0.8
7.28999999999989 0.983071 0.0144634 0.00246595 0.8
7.29999999999989 0.983704 0.014014 0.0022815 0.8
7.30999999999989 0.984301 0.0135808 0.00211783 0.8
7.31999999999989 0.984864 0.0131632 0.00197258 0.8
7.32999999999989 0.932034 0.0494257 0.0185407 0.8
7.33999999999989 0.935574 0.0478309 0.0165946 0.8
7.34999999999989 0.938863 0.046277 0.0148599 0.8
7.35999999999989 0.941921 0.0447645 0.0133143 0.8
7.36999999999989 0.944768 0.0432938 0.0119379 0.8
7.37999999999989 0.947422 0.0418651 0.0107125 0.8
7.38999999999989 0.9499 0.0404784 0.00962197 0.8
7.39999999999989 0.952215 0.0391334 0.00865177 0.8
7.40999999999989 0.954381 0.0378298 0.00778881 0.8
7.41999999999989 0.956412 0.0365669 0.00702141 0.8
7.42999999999989 0.958317 0.0353442 0.0063391 0.8
7.43999999999989 0.960106 0.034161 0.00573253 0.8
7.44999999999989 0.96179 0.0330165 0.00519335 0.8
7.45999999999989 0.963376 0.0319099 0.00471411 0.8
7.46999999999989 0.964871 0.0308404 0.00428816 0.8
7.47999999999989 0.966284 0.0298069 0.00390959 0.8
7.48999999999988 0.967618 0.0288086 0.00357312 0.8
7.49999999999988 0.968881 0.0278445 0.00327406 0.8
7.50999999999988 0.970078 0.0269138 0.00300823 0.8
7.51999999999988 0.971213 0.0260154 0.00277192 0.8
7.52999999999988 0.97229 0.0251484 0.00256182 0.8
7.53999999999988 0.973313 0.0243119 0.002375 0.8
7.54999999999988 0.974286 0.0235048 0.00220886 0.8
7.55999999999988 0.975213 0.0227264 0.00206107 0.8
7.56999999999988 0.976095 0.0219757 0.00192957 0.8
7.57999999999988 0.976936 0.0212518 0.00181254 0.8
7.58999999999988 0.977738 0.0205538 0.00170836 0.8
7.59999999999988 0.978503 0.019881 0.00161558 0.8
7.60999999999988 0.979235 0.0192323 0.00153293 0.8
7.61999999999988 0.979934 0.0186071 0.00145927 0.8
7.62999999999988 0.980602 0.0180046 0.0013936 0.8
7.63999999999988 0.981241 0.0174239 0.00133502 0.8
7.64999999999988 0.981853 0.0168644 0.00128274 0.8
7.65999999999988 0.982439 0.0163252 0.00123606 0.8
7.66999999999988 0.983 0.0158058 0.00119435 0.8
7.67999999999988 0.983538 0.0153053 0.00115705 0.8
7.68999999999988 0.984053 0.0148232 0.00112369 0.8
7.69999999999988 0.984547 0.0143587 0.00109382 0.8
7.70999999999988 0.985022 0.0139114 0.00106705 0.8
7.71999999999988 0.985477 0.0134804 0.00104305 0.8
7.72999999999988 0.985913 0.0130654 0.0010215 0.8
7.73999999999988 0.986332 0.0126656 0.00100215 0.8
7.74999999999988 0.986735 0.0122807 0.000984744 0.8
7.75999999999988 0.987121 0.0119099 0.000969075 0.8
7.76999999999988 0.987492 0.0115529 0.000954954 0.8
7.77999999999988 0.987849 0.0112091 0.000942213 0.8
7.78999999999988 0.988191 0.010878 0.000930704 0.8
7.79999999999988 0.98852 0.0105592 0.000920295 0.8
7.80999999999988 0.988837 0.0102523 0.000910868 0.8
7.81999999999988 0.989141 0.00995672 0.00090232 0.8
7.82999999999988 0.989433 0.00967216 0.000894557 0.8
7.83999999999988 0.989714 0.0093982 0.000887498 0.8
7.84999999999988 0.989985 0.00913443 0.000881069 0.8
7.85999999999988 0.990244 0.0088805 0.000875205 0.8
7.86999999999988 0.990494 0.00863603 0.000869848 0.8
7.87999999999988 0.990734 0.00840068 0.000864947 0.8
7.88999999999988 0.990965 0.00817412 0.000860457 0.8
7.89999999999988 0.991188 0.00795602 0.000856335 0.8
7.90999999999988 0.991401 0.00774608 0.000852547 0.8
7.91999999999988 0.991607 0.00754398 0.000849059 0.8
7.92999999999988 0.991805 0.00734945 0.000845842 0.8
7.93999999999988 0.991995 0.00716219 0.000842872 0.8
7.94999999999987 0.992178 0.00698195 0.000840123 0.8
7.95999999999987 0.992354 0.00680847 0.000837577 0.8
7.96999999999987 0.992523 0.00664148 0.000835215 0.8
7.97999999999987 0.992686 0.00648076 0.00083302 0.8
7.98999999999987 0.992843 0.00632607 0.000830977 0.8
7.99999999999987 0.992994 0.00617718 0.000829074 0.8
8.00999999999987 0.993139 0.00603388 0.000827298 0.8
8.01999999999987 0.993278 0.00589597 0.000825638 0.8
8.02999999999987 0.993413 0.00576324 0.000824086 0.8
8.03999999999987 0.993542 0.0056355 0.000822632 0.8
8.04999999999987 0.993666 0.00551256 0.000821269 0.8
8.05999999999987 0.993786 0.00539425 0.000819989 0.8
8.06999999999987 0.993901 0.00528039 0.000818787 0.8
8.07999999999987 0.994012 0.00517082 0.000817656 0.8
8.08999999999987 0.994118 0.00506537 0.000816592 0.8
8.09999999999987 0.994221 0.0049639 0.000815589 0.8
8.10999999999987 0.994319 0.00486625 0.000814644 0.8
8.11999999999987 0.994414 0.00477228 0.000813753 0.8
8.12999999999987 0.994505 0.00468185 0.000812911 0.8
8.13999999999987 0.994593 0.00459484 0.000812117 0.8
8.14999999999987 0.994678 0.00451111 0.000811366 0.8
8.15999999999987 0.994759 0.00443054 0.000810656 0.8
8.16999999999987 0.994837 0.00435302 0.000809985 0.8
8.17999999999987 0.994912 0.00427842 0.00080935 0.8
