0 0.333333 0.333333 0.333333 1
0.1 0.537851 0.333932 0.128217 1
0.2 0.318531 0.492305 0.189164 1
0.3 0.47635 0.455002 0.0686484 1
0.4 0.613373 0.363498 0.0231287 1
0.5 0.724077 0.267274 0.00864874 1
0.6 0.510224 0.469085 0.0206906 1
0.700000000000001 0.631346 0.360175 0.00847879 1
0.800000000000001 0.734391 0.261038 0.00457132 1
0.900000000000001 0.815267 0.181469 0.00326426 1
1 0.874476 0.122765 0.00275906 1
1.09999999999999 0.915544 0.0819336 0.00252241 1
1.19999999999998 0.80071 0.184288 0.0150022 1
1.29999999999997 0.868256 0.125983 0.00576063 1
1.39999999999996 0.912383 0.084335 0.00328203 1
1.49999999999995 0.941109 0.0562925 0.00259831 1
1.59999999999993 0.9596 0.0380105 0.00238921 1
1.69999999999992 0.971364 0.0263218 0.00231386 1
1.79999999999991 0.978777 0.0189404 0.00228241 1
1.8999999999999 0.983414 0.0143172 0.0022689 1
1.99999999999989 0.953251 0.0381947 0.00855428 1
2.09999999999988 0.872632 0.0951939 0.0321745 1
2.19999999999987 0.925216 0.0649528 0.00983127 1
2.29999999999986 0.95192 0.0438937 0.00418585 1
2.39999999999985 0.967046 0.0301616 0.00279256 1
2.49999999999984 0.976128 0.0214277 0.00244467 1
2.59999999999982 0.981706 0.0159394 0.00235477 1
2.69999999999981 0.985153 0.0125154 0.00233131 1
2.7999999999998 0.987282 0.0103907 0.00232689 1
2.89999999999979 0.988592 0.00907896 0.00232907 1
2.99999999999978 0.989392 0.00827399 0.00233411 1
3.09999999999977 0.989875 0.00778426 0.00234066 1
3.19999999999976 0.990162 0.00749038 0.0023481 1
3.29999999999975 0.990326 0.00731809 0.00235608 1
3.39999999999974 0.990414 0.00722127 0.0023644 1
3.49999999999973 0.990456 0.00717128 0.00237297 1
3.59999999999971 0.990468 0.00715038 0.00238169 1
3.6999999999997 0.990462 0.00714756 0.00239053 1
3.79999999999969 0.990445 0.00715599 0.00239946 1
3.89999999999968 0.99042 0.00717146 0.00240846 1
3.99999999999967 0.990391 0.00719132 0.00241752 1
4.0999999999997 0.990359 0.00721397 0.00242665 1
4.19999999999974 0.990326 0.0072384 0.00243582 1
4.29999999999977 0.990291 0.00726399 0.00244505 1
4.3999999999998 0.990255 0.00729034 0.00245433 1
4.49999999999984 0.990219 0.00731722 0.00246366 1
4.59999999999987 0.990182 0.00734449 0.00247303 1
4.6999999999999 0.990145 0.00737205 0.00248246 1
4.79999999999994 0.990108 0.00739984 0.00249194 1
4.89999999999997 0.990071 0.00742784 0.00250146 1
5 0.990033 0.00745601 0.00251104 1
5.10000000000004 0.989995 0.00748436 0.00252066 1
5.20000000000007 0.989957 0.00751286 0.00253034 1
5.3000000000001 0.989918 0.00754152 0.00254006 1
5.40000000000014 0.952525 0.0275142 0.0199604 1
5.50000000000017 0.527634 0.165415 0.306951 1
5.6000000000002 0.748297 0.147597 0.104105 1
5.70000000000024 0.54149 0.270327 0.188184 1
5.80000000000027 0.716139 0.223361 0.0605008 1
5.90000000000031 0.820706 0.16086 0.0184342 1
6.00000000000034 0.88338 0.109817 0.00680274 1
6.10000000000037 0.922458 0.0737649 0.00377742 1
6.20000000000041 0.94725 0.0497576 0.00299252 1
6.30000000000044 0.962981 0.0342398 0.00277927 1
6.40000000000047 0.972902 0.0243815 0.00271618 1
6.50000000000051 0.979117 0.0181868 0.0026966 1
6.60000000000054 0.938113 0.0492503 0.0126365 1
6.70000000000057 0.854998 0.114761 0.0302414 1
6.80000000000061 0.911732 0.0785705 0.00969739 1
6.90000000000064 0.942325 0.0531941 0.00448097 1
7.00000000000067 0.855277 0.126526 0.0181973 1
7.10000000000071 0.907377 0.0859134 0.00670916 1
7.20000000000074 0.938276 0.0579333 0.00379042 1
7.30000000000077 0.844082 0.137043 0.0188755 1
7.40000000000081 0.899819 0.0932509 0.00693021 1
7.50000000000084 0.777119 0.203957 0.0189234 1
7.60000000000087 0.851837 0.141009 0.00715464 1
7.70000000000091 0.681755 0.288493 0.0297528 1
7.80000000000094 0.782415 0.207204 0.0103807 1
7.90000000000097 0.852621 0.142404 0.00497512 1
8.00000000000101 0.900525 0.095967 0.00350782 1
8.10000000000095 0.932388 0.0645159 0.00309568 1
8.20000000000089 0.953105 0.0439266 0.00296798 1
8.30000000000084 0.966342 0.030735 0.00292321 1
8.40000000000078 0.974693 0.0224003 0.00290704 1
8.50000000000073 0.979913 0.0171836 0.00290319 1
8.60000000000067 0.983154 0.0139406 0.00290569 1
8.70000000000062 0.985152 0.0119363 0.00291185 1
8.80000000000056 0.936933 0.0393144 0.0237529 1
8.90000000000051 0.853345 0.0924151 0.0542402 1
9.00000000000045 0.919342 0.0647119 0.0159456 1
9.1000000000004 0.949296 0.0445616 0.00614273 1
9.20000000000034 0.87723 0.105992 0.016778 1
9.30000000000028 0.735882 0.225146 0.0389726 1
9.40000000000023 0.827896 0.159433 0.012671 1
9.50000000000017 0.885894 0.108542 0.00556399 1
9.60000000000012 0.92313 0.0731424 0.00372719 1
9.70000000000006 0.947045 0.0497027 0.00325233 1
9.80000000000001 0.962276 0.0345981 0.00312556 1
9.89999999999995 0.897199 0.0873011 0.0154996 1
9.9999999999999 0.934329 0.0595135 0.00615748 1
10.0999999999998 0.955141 0.0410036 0.00385492 1
10.1999999999998 0.967576 0.0291267 0.00329683 1
10.2999999999997 0.9752 0.021636 0.00316412 1
10.3999999999997 0.979905 0.0169582 0.00313636 1
10.4999999999996 0.982807 0.0140572 0.00313583 1
10.5999999999996 0.984587 0.0122694 0.00314325 1
10.6999999999995 0.985671 0.0111753 0.0031535 1
10.7999999999995 0.986323 0.0105123 0.00316503 1
10.8999999999994 0.986706 0.0101168 0.00317726 1
10.9999999999993 0.986923 0.00988707 0.00318991 1
11.0999999999993 0.987037 0.00975997 0.00320284 1
11.1999999999992 0.987088 0.00969646 0.00321597 1
11.2999999999992 0.987098 0.00967235 0.00322925 1
11.3999999999991 0.987085 0.0096727 0.00324264 1
11.4999999999991 0.937346 0.0354988 0.0271551 1
11.599999999999 0.964742 0.0262277 0.0090307 1
11.699999999999 0.975263 0.0200839 0.00465341 1
11.7999999999989 0.980169 0.0162059 0.00362486 1
11.8999999999988 0.921468 0.0505011 0.028031 1
11.9999999999988 0.954669 0.0360015 0.00932972 1
12.0999999999987 0.968909 0.0263147 0.00477658 1
12.1999999999987 0.976139 0.0201614 0.00370012 1
12.2999999999986 0.980224 0.0163218 0.00345393 1
12.3999999999986 0.982647 0.0139478 0.00340491 1
12.4999999999985 0.984106 0.0124909 0.00340308 1
12.5999999999985 0.984982 0.0116048 0.00341288 1
12.6999999999984 0.985501 0.0110728 0.00342577 1
12.7999999999983 0.9858 0.0107603 0.00343964 1
12.8999999999983 0.985962 0.0105837 0.00345391 1
12.9999999999982 0.98604 0.0104911 0.00346841 1
13.0999999999982 0.986066 0.0104507 0.00348305 1
13.1999999999981 0.98606 0.0104425 0.00349782 1
13.2999999999981 0.986033 0.0104543 0.00351269 1
13.399999999998 0.985994 0.0104785 0.00352766 1
13.499999999998 0.985947 0.0105106 0.00354271 1
13.5999999999979 0.985895 0.0105475 0.00355785 1
13.6999999999978 0.944868 0.0349718 0.0201601 1
13.7999999999978 0.861181 0.0866882 0.0521304 1
13.8999999999977 0.922999 0.0612248 0.0157765 1
13.9999999999977 0.950531 0.0429091 0.00655979 1
14.0999999999976 0.964716 0.0309438 0.00434 1
14.1999999999976 0.908586 0.077352 0.0140615 1
14.2999999999975 0.940392 0.0534107 0.0061973 1
14.3999999999975 0.958036 0.0376703 0.00429326 1
14.4999999999974 0.968501 0.0276519 0.00384757 1
14.5999999999973 0.974876 0.0213717 0.00375211 1
14.6999999999973 0.978788 0.0174711 0.00374057 1
14.7999999999972 0.981185 0.0150657 0.00374942 1
14.8999999999972 0.982643 0.0135935 0.00376346 1
14.9999999999971 0.98352 0.0127011 0.00377897 1
15.0999999999971 0.984037 0.012168 0.00379501 1
15.199999999997 0.984331 0.0118573 0.00381129 1
15.299999999997 0.984488 0.0116842 0.00382774 1
15.3999999999969 0.942602 0.0374757 0.019922 1
15.4999999999968 0.490552 0.210786 0.298663 1
15.5999999999968 0.706223 0.19052 0.103257 1
15.6999999999967 0.827451 0.141454 0.0310949 1
15.7999999999967 0.653492 0.2818 0.0647083 1
15.8999999999966 0.770866 0.208467 0.0206662 1
15.9999999999966 0.846708 0.145065 0.00822736 1
16.0999999999967 0.896187 0.0988004 0.0050122 1
16.1999999999968 0.928372 0.0674008 0.00422703 1
16.2999999999969 0.949058 0.0468908 0.00405112 1
16.3999999999971 0.962179 0.033797 0.00402365 1
16.4999999999972 0.970409 0.025559 0.00403157 1
16.5999999999973 0.975525 0.0204278 0.00404769 1
16.6999999999974 0.978678 0.0172564 0.00406559 1
16.7999999999975 0.980606 0.0153105 0.0040838 1
16.8999999999977 0.981771 0.014127 0.00410201 1
16.9999999999978 0.982464 0.0134161 0.00412018 1
17.0999999999979 0.982864 0.0129976 0.00413834 1
17.199999999998 0.983084 0.0127598 0.00415651 1
17.2999999999982 0.925325 0.0443214 0.0303539 1
17.3999999999983 0.828988 0.10296 0.0680514 1
17.4999999999984 0.905755 0.0737826 0.0204627 1
17.5999999999985 0.940043 0.0518141 0.00814256 1
17.6999999999986 0.957583 0.0372529 0.00516376 1
17.7999999999988 0.967535 0.0279916 0.00447324 1
17.8999999999989 0.91533 0.0707076 0.0139619 1
17.999999999999 0.943753 0.0496408 0.00660628 1
18.0999999999991 0.86444 0.117381 0.0181783 1
18.1999999999993 0.911453 0.0808464 0.00770013 1
18.2999999999994 0.938808 0.0560568 0.00513479 1
18.3999999999995 0.823817 0.137965 0.0382182 1
18.4999999999996 0.890694 0.0964413 0.0128648 1
18.5999999999997 0.762357 0.208168 0.0294758 1
18.6999999999999 0.843093 0.146121 0.0107858 1
18.8 0.894003 0.100049 0.00594765 1
18.9000000000001 0.926542 0.068675 0.00478347 1
19.0000000000002 0.947279 0.0481878 0.0045334 1
19.1000000000004 0.960374 0.0351254 0.00450006 1
19.2000000000005 0.968564 0.026921 0.00451451 1
19.3000000000006 0.973642 0.0218203 0.00453757 1
19.4000000000007 0.976765 0.0186746 0.00456091 1
19.5000000000008 0.978667 0.0167494 0.00458318 1
19.600000000001 0.979813 0.0155822 0.00460448 1
19.7000000000011 0.980491 0.014884 0.00462509 1
19.8000000000012 0.980879 0.0144757 0.00464526 1
19.9000000000013 0.981089 0.0142461 0.00466515 1
20.0000000000015 0.981189 0.0141266 0.00468484 1
20.1000000000016 0.981221 0.014075 0.00470442 1
20.2000000000017 0.981211 0.0140651 0.00472392 1
20.3000000000018 0.981176 0.0140809 0.00474336 1
20.4000000000019 0.981125 0.0141125 0.00476274 1
20.5000000000021 0.905176 0.0518495 0.0429748 1
20.6000000000022 0.947224 0.0386958 0.0140805 1
20.7000000000023 0.861356 0.0971592 0.041485 1
20.8000000000024 0.699296 0.205918 0.0947862 1
20.9000000000026 0.817969 0.152839 0.0291914 1
21.0000000000027 0.882671 0.106475 0.0108535 1
21.1000000000028 0.920215 0.0735315 0.00625398 1
21.2000000000029 0.943064 0.0517563 0.00517925 1
21.300000000003 0.957221 0.0378206 0.00495852 1
21.4000000000032 0.966008 0.0290575 0.00493483 1
21.5000000000033 0.971439 0.023608 0.00495256 1
21.6000000000034 0.974776 0.0202469 0.0049766 1
21.7000000000035 0.976811 0.0181893 0.0049999 1
21.8000000000037 0.978038 0.0169403 0.00502155 1
21.9000000000038 0.978767 0.0161913 0.00504186 1
22.0000000000039 0.979188 0.0157504 0.00506119 1
22.100000000004 0.979421 0.0154992 0.00507981 1
22.2000000000041 0.979538 0.0153645 0.0050979 1
22.3000000000043 0.979583 0.0153012 0.00511558 1
22.4000000000044 0.979585 0.0152816 0.00513289 1
22.5000000000045 0.979562 0.0152886 0.00514988 1
22.6000000000046 0.979522 0.0153116 0.00516655 1
22.7000000000048 0.979473 0.0153442 0.00518291 1
22.8000000000049 0.979419 0.0153822 0.00519895 1
22.900000000005 0.979362 0.0154233 0.00521467 1
23.0000000000051 0.979304 0.0154658 0.00523003 1
23.1000000000052 0.979246 0.0155089 0.00524504 1
23.2000000000054 0.979189 0.0155518 0.00525966 1
23.3000000000055 0.979132 0.0155942 0.00527389 1
23.4000000000056 0.979077 0.0156357 0.0052877 1
23.5000000000057 0.979023 0.0156763 0.00530106 1
23.6000000000059 0.97897 0.0157157 0.00531397 1
23.700000000006 0.97892 0.0157539 0.00532639 1
23.8000000000061 0.978871 0.0157907 0.0053383 1
23.9000000000062 0.978824 0.0158261 0.00534969 1
24.0000000000063 0.97878 0.0158599 0.00536053 1
24.1000000000065 0.916446 0.0521297 0.0314245 1
24.2000000000066 0.949246 0.0391462 0.0116083 1
24.3000000000067 0.962719 0.0304565 0.00682493 1
24.4000000000068 0.96933 0.0249568 0.0057127 1
24.500000000007 0.972994 0.0215405 0.00546587 1
24.6000000000071 0.975146 0.0194355 0.00541862 1
24.7000000000072 0.97644 0.0181448 0.00541555 1
24.8000000000073 0.977222 0.0173567 0.00542104 1
24.9000000000074 0.977695 0.0168777 0.00542722 1
25.0000000000076 0.977979 0.016588 0.00543255 1
25.1000000000077 0.909387 0.055301 0.0353121 1
25.2000000000078 0.946027 0.0413589 0.0126139 1
25.3000000000079 0.960979 0.0319213 0.00709966 1
25.4000000000081 0.968272 0.02592 0.00580845 1
25.5000000000082 0.972307 0.0221785 0.00551493 1
25.6000000000083 0.974685 0.0198628 0.00545175 1
25.7000000000084 0.976127 0.0184335 0.00543966 1
25.8000000000085 0.977011 0.0175517 0.00543756 1
25.9000000000087 0.977557 0.0170064 0.00543636 1
26.0000000000088 0.977898 0.0166675 0.00543429 1
26.1000000000089 0.978114 0.0164547 0.00543114 1
26.200000000009 0.978254 0.0163186 0.00542699 1
26.3000000000092 0.978349 0.0162288 0.00542195 1
26.4000000000093 0.978417 0.0161667 0.0054161 1
26.5000000000094 0.97847 0.0161207 0.0054095 1
26.6000000000095 0.978514 0.016084 0.00540219 1
26.7000000000096 0.978554 0.0160522 0.00539422 1
26.8000000000098 0.978592 0.0160228 0.0053856 1
26.9000000000099 0.97863 0.0159941 0.00537638 1
27.00000000001 0.914578 0.0528704 0.0325513 1
27.1000000000101 0.799073 0.123653 0.0772741 1
27.2000000000103 0.886408 0.0898264 0.023766 1
27.3000000000104 0.728066 0.198702 0.0732315 1
27.4000000000105 0.832152 0.144729 0.0231194 1
27.5000000000106 0.889847 0.100601 0.00955137 1
27.6000000000107 0.923911 0.0698872 0.00620135 1
27.7000000000109 0.944837 0.0497398 0.00542353 1
27.800000000011 0.957867 0.036877 0.00525632 1
27.9000000000111 0.856158 0.101005 0.0428369 1
28.0000000000112 0.913697 0.071839 0.0144641 1
28.1000000000114 0.941408 0.0512288 0.00736358 1
28.2000000000115 0.956524 0.0378055 0.00567008 1
28.3000000000116 0.965421 0.0293045 0.00527488 1
28.4000000000117 0.970838 0.0239808 0.00518095 1
28.5000000000118 0.974186 0.020661 0.00515345 1
28.600000000012 0.97627 0.0185911 0.00513866 1
28.7000000000121 0.977579 0.017296 0.00512503 1
28.8000000000122 0.97841 0.0164794 0.00511051 1
28.9000000000123 0.978947 0.0159577 0.00509503 1
29.0000000000125 0.912813 0.0532362 0.033951 1
29.1000000000126 0.948383 0.0396112 0.0120053 1
29.2000000000127 0.962946 0.0303944 0.00665919 1
29.3000000000128 0.970097 0.0245141 0.0053894 1
29.4000000000129 0.974091 0.0208252 0.00508429 1
29.5000000000131 0.976477 0.01852 0.00500327 1
29.6000000000132 0.899574 0.0607452 0.0396807 1
29.7000000000133 0.942054 0.0445712 0.0133752 1
29.8000000000134 0.959648 0.033447 0.00690497 1
29.9000000000136 0.881569 0.0883762 0.0300551 1
30.0000000000137 0.926587 0.0624306 0.0109821 1
30.1000000000138 0.948985 0.0447276 0.00628697 1
30.2000000000139 0.961509 0.033324 0.00516727 1
30.300000000014 0.968973 0.0261273 0.00489972 1
30.4000000000142 0.973548 0.0216221 0.00482955 1
30.5000000000143 0.976389 0.0188084 0.00480308 1
30.6000000000144 0.978166 0.0170484 0.00478518 1
30.7000000000145 0.97929 0.0159415 0.00476827 1
30.8000000000147 0.980011 0.0152382 0.00475097 1
30.9000000000148 0.980483 0.014784 0.00473322 1
31.0000000000149 0.980802 0.0144832 0.00471514 1
31.100000000015 0.981026 0.014277 0.00469686 1
31.2000000000151 0.981193 0.014129 0.00467845 1
31.3000000000153 0.981323 0.0140169 0.00465999 1
31.4000000000154 0.981432 0.0139269 0.00464149 1
31.5000000000155 0.981527 0.0138505 0.004623 1
31.6000000000156 0.981613 0.0137825 0.00460451 1
31.7000000000158 0.981694 0.0137198 0.00458604 1
31.8000000000159 0.981772 0.0136603 0.0045676 1
31.900000000016 0.981848 0.0136028 0.0045492 1
32.0000000000161 0.981922 0.0135467 0.00453084 1
32.1000000000159 0.981996 0.0134914 0.00451252 1
32.2000000000157 0.91188 0.0490154 0.0391043 1
32.3000000000154 0.950708 0.036423 0.0128689 1
32.4000000000152 0.965778 0.0277898 0.00643267 1
32.500000000015 0.972847 0.0222576 0.00489587 1
32.6000000000147 0.976698 0.0187786 0.00452392 1
32.7000000000145 0.978975 0.0165996 0.00442488 1
32.8000000000143 0.980379 0.0152319 0.00438909 1
32.900000000014 0.981265 0.0143672 0.00436768 1
33.0000000000138 0.94145 0.0416906 0.0168593 1
33.1000000000136 0.961627 0.0310735 0.00729933 1
33.2000000000133 0.970805 0.024189 0.00500573 1
33.3000000000131 0.975701 0.0198441 0.00445467 1
33.4000000000129 0.978564 0.017122 0.0043138 1
33.5000000000126 0.980315 0.0154165 0.00426851 1
33.6000000000124 0.981412 0.0143428 0.00424522 1
33.7000000000122 0.982113 0.0136604 0.00422687 1
33.8000000000119 0.98257 0.0132199 0.00420959 1
33.9000000000117 0.982879 0.0129289 0.00419252 1
34.0000000000115 0.983094 0.0127301 0.00417551 1
34.1000000000112 0.983253 0.0125883 0.00415855 1
34.200000000011 0.983377 0.0124817 0.00414163 1
34.3000000000108 0.755285 0.116741 0.127974 1
34.4000000000105 0.554268 0.21713 0.228602 1
34.5000000000103 0.0682188 0.2613 0.670481 1
34.6000000000101 0.177029 0.415616 0.407355 1
34.7000000000098 0.334365 0.483725 0.18191 1
34.8000000000096 0.172556 0.606169 0.221275 1
34.9000000000094 0.288992 0.622501 0.0885066 1
35.0000000000091 0.41587 0.551878 0.0322524 1
35.1000000000089 0.542287 0.445182 0.0125307 1
35.2000000000087 0.321253 0.652546 0.026201 1
35.3000000000084 0.439202 0.549797 0.011001 1
35.4000000000082 0.242097 0.739853 0.0180497 1
35.500000000008 0.344761 0.646653 0.00858548 1
35.6000000000077 0.176817 0.807596 0.0155866 1
35.7000000000075 0.261848 0.73023 0.00792243 1
35.8000000000073 0.366644 0.628126 0.00522921 1
35.900000000007 0.48397 0.511706 0.00432351 1
36.0000000000068 0.601664 0.394311 0.00402556 1
36.1000000000066 0.131596 0.839594 0.0288099 1
36.2000000000063 0.202636 0.784572 0.0127916 1
36.3000000000061 0.294757 0.698288 0.00695498 1
36.4000000000059 0.146017 0.84007 0.0139125 1
36.5000000000056 0.220672 0.771851 0.00747642 1
36.6000000000054 0.316549 0.678289 0.00516202 1
36.7000000000052 0.429223 0.566434 0.00434271 1
36.8000000000049 0.231269 0.752812 0.0159186 1
36.9000000000047 0.112281 0.866945 0.0207738 1
37.0000000000045 0.174829 0.815108 0.0100639 1
37.1000000000042 0.258548 0.735321 0.00613128 1
37.200000000004 0.362399 0.632887 0.00471447 1
37.3000000000038 0.479313 0.516496 0.00419057 1
37.4000000000035 0.597212 0.398818 0.00396926 1
37.5000000000033 0.374759 0.615804 0.00943762 1
37.6000000000031 0.0143421 0.872237 0.113421 1
37.7000000000028 0.0103675 0.877932 0.111701 1
37.8000000000026 0.022888 0.929561 0.0475513 1
37.9000000000024 0.0424476 0.936648 0.020904 1
38.0000000000021 0.00584744 0.935686 0.058467 1
38.1000000000019 0.0054622 0.934615 0.0599229 1
38.2000000000017 0.00471021 0.933308 0.0619817 1
38.3000000000014 0.00125464 0.852146 0.1466 1
38.4000000000012 0.00472184 0.85245 0.142828 1
38.500000000001 0.00441014 0.854564 0.141025 1
38.6000000000007 0.0130643 0.926186 0.0607493 1
38.7000000000005 0.0270141 0.946618 0.0263684 1
38.8000000000003 0.0486674 0.938568 0.0127646 1
38.9 0.0815386 0.910901 0.00756057 1
38.9999999999998 0.037726 0.949759 0.0125149 1
39.0999999999996 0.0649066 0.927569 0.00752469 1
39.1999999999993 0.105611 0.888765 0.00562475 1
39.2999999999991 0.164245 0.83088 0.00487466 1
39.3999999999989 0.0775659 0.913318 0.00911644 1
39.4999999999986 0.0348727 0.949297 0.0158299 1
39.5999999999984 0.0181075 0.962184 0.0197085 1
39.6999999999982 0.0347295 0.954892 0.0103787 1
39.7999999999979 0.0603708 0.932816 0.00681307 1
39.8999999999977 0.0989535 0.895603 0.00544325 1
39.9999999999975 0.0471446 0.94365 0.00920521 1
40.0999999999972 0.0792856 0.914342 0.00637252 1
40.199999999997 0.126752 0.867978 0.00527003 1
40.2999999999968 0.0570575 0.929819 0.0131236 1
40.3999999999965 0.0261216 0.954441 0.019437 1
40.4999999999963 0.047437 0.942247 0.0103162 1
40.5999999999961 0.0798562 0.913314 0.00682946 1
40.6999999999958 0.0387919 0.950695 0.0105127 1
40.7999999999956 0.066769 0.926281 0.00694992 1
40.8999999999954 0.0308575 0.956287 0.0128551 1
40.9999999999951 0.0547016 0.937428 0.00787037 1
41.0999999999949 0.0907385 0.903306 0.0059555 1
41.1999999999947 0.143357 0.851464 0.00517894 1
41.2999999999944 0.0676521 0.922782 0.00956634 1
41.3999999999942 0.031495 0.953284 0.0152215 1
41.499999999994 0.0558382 0.935361 0.00880046 1
41.5999999999937 0.0278317 0.959268 0.0129002 1
41.6999999999935 0.0501493 0.941884 0.00796683 1
41.7999999999933 0.00688773 0.963217 0.0298954 1
41.899999999993 0.0174468 0.967966 0.0145877 1
41.9999999999928 0.0105531 0.97013 0.0193169 1
42.0999999999926 0.0041909 0.944566 0.0512433 1
42.1999999999924 0.00379894 0.94065 0.055551 1
42.2999999999921 0.0126073 0.962622 0.0247708 1
42.3999999999919 0.0266266 0.960758 0.0126152 1
42.4999999999917 0.0136121 0.967762 0.0186264 1
42.5999999999914 0.0102552 0.96767 0.0220747 1
42.6999999999912 0.0229221 0.965451 0.0116274 1
42.799999999991 0.00575637 0.95941 0.0348333 1
42.8999999999907 0.0158401 0.967551 0.0166091 1
42.9999999999905 0.0317408 0.958719 0.00954042 1
43.0999999999903 0.0154529 0.968176 0.0163708 1
43.19999999999 0.0311621 0.959368 0.00946962 1
43.2999999999898 0.0554521 0.937731 0.0068168 1
43.3999999999896 0.0921207 0.902118 0.00576178 1
43.4999999999893 0.0414242 0.944918 0.0136579 1
43.5999999999891 0.0215597 0.960385 0.0180557 1
43.6999999999889 0.0408384 0.949049 0.0101129 1
43.7999999999886 0.0203536 0.963971 0.0156752 1
43.8999999999884 0.0126277 0.967405 0.0199673 1
43.9999999999882 0.0268809 0.962201 0.0109185 1
44.0999999999879 0.00226822 0.920063 0.0776687 1
44.1999999999877 0.0104427 0.955608 0.0339491 1
44.2999999999875 0.0235868 0.96008 0.0163331 1
44.3999999999872 0.0440684 0.946424 0.00950717 1
44.499999999987 0.0232105 0.962982 0.0138078 1
44.5999999999868 0.00765175 0.954464 0.0378841 1
44.6999999999865 0.0192046 0.96287 0.0179252 1
44.7999999999863 0.0115807 0.96556 0.0228597 1
44.8999999999861 0.0253934 0.962506 0.0121004 1
44.9999999999858 0.0138304 0.968379 0.017791 1
45.0999999999856 0.00231647 0.939258 0.0584252 1
45.1999999999854 0.0106836 0.963138 0.0261781 1
45.2999999999851 0.02406 0.962531 0.0134088 1
45.3999999999849 0.00412264 0.954175 0.0417019 1
45.4999999999847 0.00183683 0.89494 0.103224 1
45.5999999999844 0.00993663 0.94528 0.0447829 1
45.6999999999842 0.00199009 0.88373 0.11428 1
45.799999999984 0.00382723 0.881612 0.114561 1
45.8999999999837 0.00467191 0.880475 0.114853 1
45.9999999999835 0.0148018 0.93548 0.0497182 1
46.0999999999833 0.0113282 0.936844 0.051828 1
46.199999999983 0.00263828 0.870192 0.127169 1
46.2999999999828 0.0065968 0.868685 0.124718 1
46.3999999999826 0.0181626 0.927868 0.0539697 1
46.4999999999823 0.0364971 0.939269 0.0242337 1
46.5999999999821 0.0645318 0.922921 0.0125476 1
46.6999999999819 0.106254 0.885708 0.0080373 1
46.7999999999816 0.166015 0.827755 0.0062297 1
46.8999999999814 0.246953 0.747665 0.00538268 1
46.9999999999812 0.118741 0.86759 0.0136696 1
47.0999999999809 0.0546733 0.92459 0.0207367 1
47.1999999999807 0.0293583 0.94654 0.0241013 1
47.2999999999805 0.0535911 0.933809 0.0126001 1
47.3999999999802 0.0900635 0.90178 0.00815629 1
47.49999999998 0.00343475 0.92981 0.066755 1
47.5999999999798 0.0128739 0.957443 0.0296834 1
47.6999999999795 0.0109722 0.956303 0.0327247 1
47.7999999999793 0.00671611 0.953843 0.0394413 1
47.8999999999791 0.00246234 0.899161 0.0983765 1
47.9999999999788 0.00087623 0.591301 0.407823 1
48.0999999999786 0.0080001 0.783632 0.208368 1
48.1999999999784 0.00898894 0.788054 0.202957 1
48.2999999999781 0.00699906 0.793165 0.199836 1
48.3999999999779 0.00478133 0.796776 0.198443 1
48.4999999999777 0.0155548 0.896292 0.0881534 1
48.5999999999774 0.0330505 0.928704 0.0382451 1
48.6999999999772 0.0598775 0.922088 0.0180347 1
48.799999999977 0.00390844 0.875649 0.120442 1
48.8999999999767 0.013905 0.933769 0.0523263 1
48.9999999999765 0.0299585 0.946241 0.0238001 1
49.0999999999763 0.0547123 0.932698 0.0125894 1
49.199999999976 0.00217336 0.902879 0.0949476 1
49.2999999999758 0.011012 0.947516 0.0414723 1
49.3999999999756 0.0252586 0.955144 0.0195971 1
49.4999999999753 0.0149802 0.960535 0.0244848 1
49.5999999999751 0.0314014 0.955591 0.0130078 1
49.6999999999749 0.00717179 0.954553 0.0382749 1
49.7999999999746 0.0191337 0.962446 0.0184205 1
49.8999999999744 0.0378608 0.951449 0.0106904 1
49.9999999999742 0.0665222 0.925791 0.00768717 1
50.0999999999739 0.10919 0.884364 0.00644605 1
50.1999999999737 0.170183 0.824003 0.0058141 1
50.2999999999735 0.252463 0.742189 0.00534852 1
50.3999999999732 0.0347912 0.934484 0.0307247 1
50.499999999973 0.0177469 0.945507 0.0367463 1
50.5999999999728 0.0360458 0.946212 0.0177422 1
50.6999999999725 0.00571464 0.94005 0.0542357 1
50.7999999999723 0.0070523 0.935967 0.0569812 1
50.8999999999721 0.0191545 0.95498 0.0258654 1
50.9999999999718 0.0381308 0.948296 0.0135733 1
51.0999999999716 0.0191039 0.96035 0.0205459 1
51.1999999999714 0.0116073 0.961928 0.0264646 1
51.2999999999711 0.00935927 0.959554 0.0310869 1
51.3999999999709 0.0227655 0.96154 0.0156947 1
51.4999999999707 0.043627 0.946648 0.00972541 1
51.5999999999704 0.0753577 0.917261 0.00738172 1
51.6999999999702 0.122177 0.871455 0.00636753 1
51.79999999997 0.00407898 0.930722 0.0651989 1
51.8999999999697 0.0144447 0.956282 0.029273 1
51.9999999999695 0.0308703 0.954156 0.0149738 1
52.0999999999693 0.0198016 0.961558 0.01864 1
52.199999999969 0.0150187 0.962817 0.0221643 1
52.2999999999688 0.0317183 0.956012 0.0122699 1
52.3999999999686 0.0574208 0.934147 0.008432 1
52.4999999999683 0.0294244 0.956924 0.0136512 1
52.5999999999681 0.0158535 0.963874 0.0202728 1
52.6999999999679 0.0330427 0.955392 0.0115651 1
52.7999999999676 0.0594599 0.932359 0.00818119 1
52.8999999999674 0.00793599 0.956301 0.0357632 1
52.9999999999672 0.00823543 0.952095 0.0396691 1
53.0999999999669 0.0211992 0.959679 0.0191218 1
53.1999999999667 0.0414173 0.947473 0.01111 1
53.2999999999665 0.0722103 0.919806 0.0079838 1
53.3999999999662 0.0370424 0.95048 0.012478 1
53.499999999966 0.0186966 0.961516 0.0197879 1
53.5999999999658 0.00463372 0.935842 0.0595238 1
53.6999999999655 0.00457914 0.930654 0.0647664 1
53.7999999999653 0.0154527 0.955372 0.0291748 1
53.8999999999651 0.00936477 0.954678 0.0359569 1
53.9999999999648 0.00354784 0.804465 0.191987 1
54.0999999999646 0.00602247 0.805951 0.188027 1
54.1999999999644 0.0183153 0.898432 0.0832524 1
54.2999999999642 0.0380437 0.925543 0.0364134 1
54.3999999999639 0.0680469 0.914408 0.0175449 1
54.4999999999637 0.112311 0.877477 0.010212 1
54.5999999999635 0.0172473 0.947663 0.0350896 1
54.6999999999632 0.0107537 0.948453 0.0407928 1
54.799999999963 0.0253882 0.95501 0.0196021 1
54.8999999999628 0.00898678 0.939375 0.0516385 1
54.9999999999625 0.0226531 0.95345 0.0238972 1
55.0999999999623 0.0439298 0.943085 0.0129856 1
55.1999999999621 0.00983491 0.951413 0.0387523 1
55.2999999999618 0.0239499 0.957209 0.018841 1
55.3999999999616 0.00202164 0.873645 0.124333 1
55.4999999999614 0.0113804 0.934257 0.0543627 1
55.5999999999611 0.0022074 0.728982 0.268811 1
55.6999999999609 0.0116168 0.863855 0.124529 1
55.7999999999607 0.027646 0.918251 0.0541031 1
55.8999999999604 0.0524859 0.922922 0.0245923 1
55.9999999999602 0.0896446 0.897357 0.0129985 1
56.09999999996 0.143406 0.848125 0.00846854 1
56.1999999999597 0.217504 0.775941 0.00655494 1
56.2999999999595 0.312875 0.681583 0.00554133 1
56.3999999999593 0.425223 0.569972 0.00480492 1
56.499999999959 0.228802 0.755279 0.0159192 1
56.5999999999588 0.32843 0.662975 0.00859446 1
56.6999999999586 0.16665 0.815993 0.0173569 1
56.7999999999583 0.079022 0.896631 0.0243475 1
56.8999999999581 0.128947 0.858362 0.0126904 1
56.9999999999579 0.0625072 0.919597 0.0178962 1
57.0999999999576 0.104306 0.885218 0.0104758 1
57.1999999999574 0.0482978 0.933322 0.01838 1
57.2999999999572 0.0831448 0.906079 0.0107764 1
57.3999999999569 0.133972 0.858274 0.00775401 1
57.4999999999567 0.204719 0.78889 0.00639121 1
57.5999999999565 0.0976111 0.88867 0.0137193 1
57.6999999999562 0.0495405 0.932564 0.0178954 1
57.799999999956 0.0850201 0.904376 0.0106039 1
57.8999999999558 0.136677 0.855628 0.00769543 1
57.9999999999555 0.20839 0.785242 0.0063686 1
58.0999999999553 0.301513 0.692933 0.00555358 1
58.1999999999551 0.412393 0.582737 0.00487043 1
58.2999999999548 0.219932 0.764364 0.0157039 1
58.3999999999546 0.103209 0.869285 0.0275061 1
58.4999999999544 0.164049 0.822295 0.0136552 1
58.5999999999541 0.0784225 0.901619 0.0199588 1
58.6999999999539 0.035848 0.93515 0.0290024 1
58.7999999999537 0.00437064 0.906832 0.0887975 1
58.8999999999534 0.00490904 0.902853 0.0922383 1
58.9999999999532 0.0164846 0.942869 0.0406465 1
59.099999999953 0.0348211 0.945552 0.0196274 1
59.1999999999527 0.00792916 0.937931 0.0541398 1
59.2999999999525 0.00301943 0.866561 0.13042 1
59.3999999999523 0.013383 0.9295 0.0571168 1
59.499999999952 0.0301092 0.943736 0.026155 1
59.5999999999518 0.00793329 0.923736 0.0683307 1
59.6999999999516 0.0214094 0.947828 0.0307624 1
59.7999999999513 0.0125452 0.950198 0.0372563 1
59.8999999999511 0.00653265 0.90117 0.0922977 1
59.9999999999509 0.0192442 0.9401 0.0406555 1
60.0999999999506 0.0108133 0.9414 0.0477864 1
60.1999999999504 0.0259493 0.951515 0.022536 1
60.2999999999502 0.00731276 0.930084 0.0626029 1
60.3999999999499 0.00654203 0.926186 0.0672724 1
60.4999999999497 0.00644067 0.922186 0.0713738 1
60.5999999999495 0.019051 0.948893 0.0320556 1
60.6999999999492 0.012804 0.950049 0.0371472 1
60.799999999949 0.0290608 0.952563 0.0183767 1
60.8999999999488 0.0541037 0.93484 0.0110566 1
60.9999999999485 0.0916864 0.900158 0.00815569 1
61.0999999999483 0.146134 0.847 0.00686605 1
61.1999999999481 0.22109 0.77281 0.00609987 1
61.2999999999478 0.10422 0.879271 0.0165086 1
61.3999999999476 0.0521312 0.926676 0.0211925 1
61.4999999999474 0.00815779 0.930531 0.0613112 1
61.5999999999471 0.0218584 0.950152 0.0279898 1
61.6999999999469 0.0432135 0.942008 0.0147788 1
61.7999999999467 0.0214846 0.955801 0.0227149 1
61.8999999999464 0.0425455 0.944665 0.012789 1
61.9999999999462 0.0219841 0.958177 0.0198388 1
62.099999999946 0.0432791 0.945015 0.0117055 1
62.1999999999457 0.0755814 0.915914 0.00850462 1
62.2999999999455 0.0372448 0.947986 0.0147694 1
62.3999999999453 0.00687893 0.947529 0.0455925 1
62.499999999945 0.00379344 0.884445 0.111762 1
62.5999999999448 0.00651493 0.88142 0.112065 1
62.6999999999446 0.0194626 0.931445 0.0490919 1
62.7999999999443 0.0398853 0.937133 0.0229821 1
62.8999999999441 0.0708943 0.916373 0.0127331 1
62.9999999999439 0.0338957 0.945786 0.0203188 1
63.0999999999436 0.0220443 0.953856 0.0240994 1
63.1999999999434 0.0435111 0.943145 0.0133435 1
63.2999999999432 0.0760435 0.914821 0.00913506 1
63.3999999999429 0.0101889 0.951769 0.0380426 1
63.4999999999427 0.0250769 0.956085 0.0188377 1
63.5999999999425 0.0133868 0.959262 0.0273511 1
63.6999999999422 0.0119741 0.956436 0.0315898 1
63.799999999942 0.0278692 0.9558 0.0163308 1
63.8999999999418 0.0185483 0.960555 0.020897 1
63.9999999999415 0.0380597 0.94975 0.0121903 1
64.099999999942 0.0678073 0.92342 0.0087725 1
64.1999999999425 0.0305493 0.949721 0.0197299 1
64.299999999943 0.0565974 0.931759 0.0116436 1
64.3999999999434 0.028011 0.95305 0.0189386 1
64.4999999999439 0.0153662 0.958183 0.0264512 1
64.5999999999444 0.0143968 0.955808 0.0297949 1
64.6999999999449 0.0122018 0.953689 0.0341089 1
64.7999999999454 0.0283048 0.954372 0.0173234 1
64.8999999999458 0.0151481 0.959431 0.0254212 1
64.9999999999463 0.00893903 0.956901 0.0341597 1
65.0999999999468 0.00373191 0.908423 0.087845 1
65.1999999999473 0.0149085 0.946082 0.0390099 1
65.2999999999477 0.0326621 0.948146 0.0191919 1
65.3999999999482 0.00382328 0.877064 0.119112 1
65.4999999999487 0.00624937 0.746681 0.24707 1
65.5999999999492 0.0197225 0.867444 0.112834 1
65.6999999999497 0.0415707 0.909392 0.0490368 1
65.7999999999501 0.0233333 0.923504 0.0531632 1
65.8999999999506 0.0462327 0.929182 0.0245857 1
65.9999999999511 0.0807052 0.905954 0.0133404 1
66.0999999999516 0.0105803 0.941393 0.0480264 1
66.199999999952 0.0259156 0.951289 0.0227956 1
66.2999999999525 0.0175905 0.955153 0.0272564 1
66.399999999953 0.0367753 0.948554 0.0146711 1
66.4999999999535 0.066042 0.924201 0.00975683 1
66.599999999954 0.0307466 0.950127 0.0191267 1
66.6999999999544 0.00562963 0.935383 0.0589869 1
66.7999999999549 0.00210615 0.853088 0.144806 1
66.8999999999554 0.0042721 0.850612 0.145116 1
66.9999999999559 0.0159759 0.920256 0.063768 1
67.0999999999563 0.0347607 0.936291 0.0289487 1
67.1999999999568 0.0176192 0.945367 0.0370141 1
67.2999999999573 0.0370022 0.944569 0.0184285 1
67.3999999999578 0.0665428 0.922288 0.0111688 1
67.4999999999582 0.0122419 0.952343 0.0354151 1
67.5999999999587 0.0085632 0.949008 0.0424293 1
67.6999999999592 0.0227263 0.956604 0.0206702 1
67.7999999999597 0.0141264 0.958723 0.0271509 1
67.8999999999602 0.0314118 0.953883 0.0147048 1
67.9999999999606 0.0216044 0.95973 0.0186655 1
68.0999999999611 0.011865 0.960476 0.0276588 1
68.1999999999616 0.0278742 0.957194 0.0149317 1
68.2999999999621 0.00347316 0.882906 0.113621 1
68.3999999999625 0.00144081 0.752112 0.246448 1
68.499999999963 0.00109674 0.337128 0.661775 1
68.5999999999635 0.000268572 0.17655 0.823181 1
68.699999999964 0.00217783 0.184797 0.813025 1
68.7999999999645 0.0113137 0.369169 0.619517 1
68.8999999999649 0.00732633 0.381788 0.610886 1
68.9999999999654 0.000704032 0.0964971 0.902799 1
69.0999999999659 0.000926504 0.101794 0.897279 1
69.1999999999664 0.00173846 0.107583 0.890679 1
69.2999999999668 0.00952065 0.238601 0.751878 1
69.3999999999673 0.00652029 0.249304 0.744176 1
69.4999999999678 0.024108 0.456059 0.519833 1
69.5999999999683 0.00236973 0.26829 0.729341 1
69.6999999999688 0.0121279 0.484608 0.503264 1
69.7999999999692 0.0345189 0.690093 0.275388 1
69.8999999999697 0.000711431 0.293187 0.706102 1
69.9999999999702 0.00280653 0.30345 0.693744 1
70.0999999999707 0.0134081 0.52648 0.460112 1
70.1999999999711 0.0365227 0.720905 0.242573 1
70.2999999999716 0.00789583 0.548869 0.443236 1
70.3999999999721 0.00687371 0.559512 0.433614 1
70.4999999999726 0.00696611 0.569634 0.4234 1
70.5999999999731 0.0223336 0.759748 0.217919 1
70.6999999999735 0.0159475 0.769786 0.214266 1
70.799999999974 0.00896946 0.77679 0.214241 1
70.8999999999745 0.024678 0.879237 0.0960846 1
70.999999999975 0.0495185 0.908538 0.0419439 1
71.0999999999754 0.0865956 0.893477 0.0199269 1
71.1999999999759 0.0391629 0.930365 0.0304717 1
71.2999999999764 0.00913716 0.909799 0.0810636 1
71.3999999999769 0.0110443 0.906994 0.081962 1
71.4999999999773 0.0271623 0.936331 0.0365065 1
71.5999999999778 0.0142242 0.941088 0.0446874 1
71.6999999999783 0.03191 0.946552 0.0215385 1
71.7999999999788 0.059016 0.928522 0.0124624 1
71.8999999999793 0.0994068 0.891731 0.00886179 1
71.9999999999797 0.157383 0.835352 0.00726476 1
72.0999999999802 0.236241 0.757434 0.00632457 1
72.1999999999807 0.113941 0.871351 0.014708 1
72.2999999999812 0.0162389 0.935083 0.0486776 1
72.3999999999816 0.0351787 0.941746 0.0230752 1
72.4999999999821 0.0640796 0.922906 0.0130145 1
72.5999999999826 0.0325866 0.948039 0.019374 1
72.6999999999831 0.00590351 0.934908 0.0591887 1
72.7999999999836 0.00510578 0.928662 0.0662322 1
72.899999999984 0.0174587 0.952268 0.0302734 1
72.9999999999845 0.00970078 0.950671 0.0396278 1
73.099999999985 0.0247303 0.955606 0.0196636 1
73.1999999999855 0.0125935 0.957472 0.0299344 1
73.2999999999859 0.0292328 0.954879 0.0158887 1
73.3999999999864 0.0548151 0.93478 0.010405 1
73.4999999999869 0.0931308 0.8987 0.0081695 1
73.5999999999874 0.148491 0.844426 0.00708335 1
73.6999999999879 0.224441 0.769225 0.00633398 1
73.7999999999883 0.321515 0.672864 0.0056207 1
73.8999999999888 0.164315 0.823405 0.0122801 1
73.9999999999893 0.246036 0.745952 0.00801198 1
74.0999999999898 0.348064 0.64589 0.00604561 1
74.1999999999902 0.464183 0.530957 0.00486037 1
74.2999999999907 0.58303 0.413014 0.00395658 1
74.3999999999912 0.12697 0.847424 0.0256062 1
74.4999999999917 0.0165793 0.905824 0.0775971 1
74.5999999999922 0.0133719 0.907026 0.0796018 1
74.6999999999926 0.00889411 0.906505 0.0846004 1
74.7999999999931 0.0237777 0.938526 0.0376959 1
74.8999999999936 0.0186599 0.940789 0.0405515 1
74.9999999999941 0.00429989 0.887082 0.108618 1
75.0999999999945 0.00468551 0.883084 0.112231 1
75.199999999995 0.00441117 0.879232 0.116357 1
75.2999999999955 0.00421514 0.751297 0.244488 1
75.399999999996 0.00762581 0.754251 0.238123 1
75.4999999999964 0.00831077 0.758627 0.233063 1
75.5999999999969 0.0237803 0.870634 0.105586 1
75.6999999999974 0.0484145 0.905593 0.045993 1
75.7999999999979 0.0266384 0.92285 0.0505117 1
75.8999999999984 0.00362618 0.864026 0.132348 1
75.9999999999988 0.0151952 0.926564 0.0582409 1
76.0999999999993 0.0337525 0.939333 0.0269143 1
76.1999999999998 0.0207271 0.9475 0.0317727 1
76.3000000000003 0.00393968 0.909868 0.0861919 1
76.4000000000007 0.00200641 0.803201 0.194792 1
76.5000000000012 0.012376 0.900509 0.0871146 1
76.6000000000017 0.0295407 0.931799 0.0386605 1
76.7000000000022 0.0559599 0.924994 0.0190464 1
76.8000000000027 0.0300357 0.94543 0.0245343 1
76.9000000000031 0.00960843 0.926018 0.0643737 1
77.0000000000036 0.0095201 0.922737 0.0677428 1
77.1000000000041 0.0247509 0.944407 0.0308426 1
77.2000000000046 0.0483556 0.93551 0.0161348 1
77.300000000005 0.0288076 0.950781 0.0204114 1
77.4000000000055 0.0543788 0.933468 0.0121533 1
77.500000000006 0.092651 0.898488 0.00886105 1
77.6000000000065 0.147926 0.844699 0.00737552 1
77.700000000007 0.0232365 0.948959 0.0278042 1
77.8000000000074 0.0459572 0.939036 0.0150072 1
77.9000000000079 0.0802271 0.909788 0.00998512 1
78.0000000000084 0.0369174 0.943089 0.0199936 1
78.1000000000089 0.0667665 0.921312 0.0119212 1
78.2000000000093 0.0321635 0.947607 0.0202298 1
78.3000000000098 0.0212327 0.954096 0.0246718 1
78.4000000000103 0.0112988 0.954116 0.0345849 1
78.5000000000108 0.0273787 0.954857 0.0177648 1
78.6000000000112 0.0161151 0.959006 0.024879 1
78.7000000000117 0.0348454 0.951161 0.0139938 1
78.8000000000122 0.0634456 0.926832 0.00972191 1
78.9000000000127 0.0304253 0.951065 0.0185094 1
79.0000000000132 0.0162232 0.956713 0.0270639 1
79.1000000000136 0.0142772 0.954488 0.0312348 1
79.2000000000141 0.0320548 0.9515 0.0164453 1
79.3000000000146 0.0190271 0.958263 0.0227102 1
79.4000000000151 0.013154 0.957846 0.0289999 1
79.5000000000155 0.0302733 0.954118 0.0156084 1
79.600000000016 0.0565462 0.933082 0.0103718 1
79.7000000000165 0.0958094 0.895974 0.00821707 1
79.800000000017 0.152368 0.840489 0.00714296 1
79.9000000000175 0.0744577 0.91281 0.0127326 1
80.0000000000179 0.122159 0.868914 0.0089273 1
80.1000000000184 0.0190959 0.946822 0.0340819 1
80.2000000000189 0.0114091 0.946731 0.0418596 1
80.3000000000194 0.0276555 0.951745 0.0205993 1
80.4000000000198 0.00573976 0.934113 0.0601473 1
80.5000000000203 0.00563982 0.854032 0.140329 1
80.6000000000208 0.00533564 0.710524 0.28414 1
80.7000000000213 0.0186663 0.848531 0.132803 1
80.8000000000218 0.0157095 0.852825 0.131465 1
80.9000000000222 0.0356877 0.906903 0.0574095 1
81.0000000000227 0.0661491 0.907611 0.02624 1
81.1000000000232 0.110862 0.875192 0.0139461 1
81.2000000000237 0.173993 0.816943 0.00906425 1
81.3000000000241 0.258273 0.734836 0.0068912 1
81.4000000000246 0.362485 0.631885 0.00562973 1
81.5000000000251 0.188554 0.797634 0.0138119 1
81.6000000000256 0.0292948 0.924369 0.0463359 1
81.7000000000261 0.0558794 0.922064 0.0220567 1
81.8000000000265 0.0954303 0.892047 0.0125226 1
81.900000000027 0.0166872 0.94493 0.0383827 1
82.0000000000275 0.0099517 0.943415 0.0466334 1
82.100000000028 0.004049 0.880823 0.115128 1
82.2000000000284 0.00595934 0.877294 0.116746 1
82.3000000000289 0.019257 0.929332 0.0514106 1
82.4000000000294 0.0402467 0.93554 0.0242132 1
82.5000000000299 0.0720421 0.914456 0.0135018 1
82.6000000000303 0.118733 0.872021 0.00924649 1
82.7000000000308 0.184448 0.808196 0.00735671 1
82.8000000000313 0.271515 0.722236 0.00624904 1
82.9000000000318 0.134215 0.851892 0.0138929 1
83.0000000000323 0.206108 0.78503 0.00886203 1
83.1000000000327 0.299202 0.694188 0.00661085 1
83.2000000000332 0.410008 0.58469 0.00530201 1
83.3000000000337 0.223775 0.765675 0.0105506 1
83.4000000000342 0.110923 0.872806 0.0162704 1
83.5000000000346 0.0538928 0.923369 0.0227383 1
83.6000000000351 0.0314949 0.941728 0.0267768 1
83.7000000000356 0.0587861 0.926638 0.0145761 1
