0 0.333333 0.333333 0.333333 1
0.1 0.404444 0.351111 0.244444 1
0.2 0.473792 0.355659 0.170549 1
0.3 0.537844 0.347864 0.114292 1
0.4 0.594779 0.330511 0.0747108 1
0.5 0.644357 0.307037 0.0486053 1
0.6 0.687275 0.28052 0.0322055 1
0.7 0.724526 0.253231 0.0222424 1
0.8 0.402751 0.489835 0.107415 1
0.9 0.453996 0.473089 0.0729145 1
1 0.50248 0.447983 0.0495376 1
1.1 0.54805 0.417645 0.0343051 1
1.2 0.59075 0.384605 0.0246445 1
1.3 0.630663 0.350723 0.0186138 1
1.4 0.667843 0.31729 0.0148676 1
1.5 0.702306 0.285168 0.0125258 1
1.6 0.734054 0.254911 0.011035 1
1.7 0.763093 0.22685 0.0100571 1
1.8 0.789453 0.201157 0.00938987 1
1.9 0.813197 0.177889 0.00891379 1
2 0.834425 0.157016 0.00855904 1
2.1 0.853267 0.138448 0.00828472 1
2.2 0.869881 0.122052 0.00806666 1
2.3 0.884441 0.107669 0.00789017 1
2.4 0.89713 0.095124 0.00774599 1
2.5 0.908133 0.0842386 0.0076279 1
2.6 0.917633 0.0748358 0.00753145 1
2.7 0.925801 0.0667457 0.00745324 1
2.8 0.9328 0.0598096 0.00739058 1
2.9 0.938777 0.0538813 0.0073412 1
3 0.943868 0.0488285 0.00730319 1
3.1 0.948192 0.0445326 0.00727493 1
3.2 0.951856 0.0408885 0.00725499 1
3.3 0.954954 0.037804 0.00724216 1
3.4 0.957566 0.0351984 0.0072354 1
3.5 0.959765 0.0330016 0.0072338 1
3.6 0.96161 0.0311531 0.00723659 1
3.7 0.963156 0.029601 0.00724313 1
3.8 0.964447 0.0283006 0.00725284 1
3.9 0.965521 0.0272137 0.00726524 1
4 0.966412 0.0263077 0.00727995 1
4.1 0.967148 0.0255549 0.0072966 1
4.2 0.967753 0.0249318 0.00731493 1
4.3 0.968247 0.0244182 0.00733467 1
4.4 0.968647 0.0239974 0.00735562 1
4.5 0.968968 0.0236548 0.00737762 1
4.6 0.969221 0.0233784 0.00740052 1
4.7 0.969418 0.0231578 0.00742419 1
4.8 0.969567 0.0229844 0.00744853 1
4.9 0.969676 0.0228509 0.00747345 1
5 0.96975 0.022751 0.00749889 1
5.1 0.969796 0.0226796 0.00752478 1
5.2 0.969817 0.0226321 0.00755107 1
5.3 0.969817 0.022605 0.00757772 1
5.4 0.85381 0.0795226 0.0666676 1
5.5 0.886282 0.0731333 0.0405851 1
5.6 0.90772 0.0666246 0.0256551 1
5.7 0.922065 0.0605175 0.017418 1
5.8 0.931988 0.055039 0.0129731 1
5.9 0.939147 0.0502477 0.0106058 1
5.99999999999999 0.944526 0.0461188 0.00935546 1
6.09999999999999 0.948708 0.0425928 0.00869965 1
6.19999999999999 0.952042 0.0395992 0.00835894 1
6.29999999999999 0.954746 0.0370683 0.00818529 1
6.39999999999999 0.956964 0.0349353 0.00810057 1
6.49999999999999 0.958794 0.0331427 0.00806364 1
6.59999999999999 0.960307 0.0316402 0.00805281 1
6.69999999999999 0.824088 0.107029 0.0688829 1
6.79999999999999 0.859754 0.0978905 0.0423555 1
6.89999999999999 0.884471 0.0885342 0.0269952 1
6.99999999999999 0.604266 0.22564 0.170094 1
7.09999999999999 0.672321 0.217315 0.110364 1
7.19999999999999 0.727241 0.202999 0.0697598 1
7.29999999999999 0.770353 0.185525 0.044122 1
7.39999999999999 0.804074 0.16714 0.0287857 1
7.49999999999999 0.830774 0.149285 0.019941 1
7.59999999999999 0.852314 0.13273 0.0149562 1
7.69999999999999 0.870011 0.117806 0.0121832 1
7.79999999999999 0.884761 0.10459 0.0106491 1
7.89999999999999 0.897176 0.0930241 0.00980024 1
7.99999999999999 0.667284 0.261664 0.0710519 1
8.09999999999999 0.322612 0.410242 0.267146 1
8.19999999999999 0.385211 0.423276 0.191513 1
8.29999999999999 0.44598 0.422062 0.131957 1
8.39999999999999 0.502792 0.40869 0.0885173 1
8.49999999999999 0.554686 0.386479 0.0588356 1
8.59999999999999 0.601578 0.358842 0.0395803 1
8.69999999999999 0.643829 0.328608 0.0275629 1
8.79999999999998 0.681914 0.297823 0.0202629 1
8.89999999999998 0.716259 0.267837 0.0159039 1
8.99999999999998 0.747201 0.239476 0.0133229 1
9.09999999999998 0.775 0.213206 0.0117948 1
9.19999999999998 0.469888 0.463646 0.066466 1
9.29999999999998 0.206114 0.593261 0.200625 1
9.39999999999998 0.24699 0.608578 0.144432 1
9.49999999999998 0.102565 0.590635 0.3068 1
9.59999999999998 0.129858 0.636075 0.234067 1
9.69999999999998 0.160019 0.666858 0.173123 1
9.79999999999998 0.192489 0.682486 0.125025 1
9.89999999999998 0.226805 0.684169 0.0890254 1
9.99999999999998 0.0952871 0.699983 0.20473 1
10.1 0.118177 0.730628 0.151195 1
10.2 0.143263 0.747008 0.109729 1
10.3 0.0613589 0.710336 0.228305 1
10.4 0.0288079 0.588597 0.382595 1
10.5 0.015614 0.446003 0.538383 1
10.6 0.023216 0.52104 0.455744 1
10.7 0.0329506 0.593544 0.373505 1
10.8 0.0449293 0.658824 0.296247 1
10.9 0.0591475 0.712999 0.227853 1
11 0.0278491 0.590579 0.381572 1
11.1 0.0385138 0.657621 0.303865 1
11.2 0.0512895 0.714058 0.234653 1
11.3 0.0661247 0.757409 0.176467 1
11.4 0.0829425 0.786962 0.130095 1
11.5 0.101689 0.803487 0.0948241 1
11.6 0.122356 0.80863 0.0690141 1
11.7 0.144984 0.804319 0.0506973 1
11.8 0.169636 0.792366 0.0379982 1
11.9 0.196378 0.774279 0.0293432 1
12 0.225249 0.751238 0.0235136 1
12.1 0.256241 0.724145 0.0196145 1
12.2 0.289283 0.693705 0.0170125 1
12.3 0.125163 0.824115 0.0507224 1
12.4 0.147408 0.814494 0.0380975 1
12.5 0.0636206 0.844607 0.0917726 1
12.6 0.0294904 0.784813 0.185697 1
12.7 0.0156838 0.662594 0.321722 1
12.8 0.00982859 0.513808 0.476364 1
12.9 0.00700889 0.376776 0.616215 1
13 0.0115083 0.450674 0.537818 1
13.1 0.0175798 0.526813 0.455607 1
13.2 0.0254328 0.600751 0.373816 1
13.3 0.0351895 0.667865 0.296945 1
13.4 0.0468812 0.724312 0.228807 1
13.5 0.0604762 0.767765 0.171759 1
13.6 0.0759259 0.797638 0.126436 1
13.7 0.0341381 0.721465 0.244397 1
13.8 0.0451313 0.769982 0.184887 1
13.9 0.0578132 0.805209 0.136978 1
14 0.0721777 0.827655 0.100167 1
14.1 0.0882545 0.838782 0.0729633 1
14.2 0.106114 0.840411 0.0534754 1
14.3 0.125858 0.834296 0.0398464 1
14.4 0.1476 0.821914 0.030486 1
14.5 0.063595 0.86137 0.0750349 1
14.6 0.0777957 0.867071 0.0551328 1
14.7 0.093674 0.865192 0.0411336 1
14.8 0.0414544 0.864631 0.0939144 1
14.9 0.052338 0.878866 0.0687955 1
15 0.0646492 0.884551 0.0507993 1
15.1 0.078501 0.883322 0.0381775 1
15.2 0.0352922 0.87793 0.0867773 1
15.3 0.0450133 0.8913 0.0636868 1
15.4 0.021685 0.844943 0.133372 1
15.5 0.029248 0.872732 0.0980199 1
15.6 0.0379709 0.89021 0.0718189 1
15.7 0.0479264 0.899128 0.0529458 1
15.8 0.0592155 0.901141 0.0396434 1
15.9 0.02739 0.884273 0.0883372 1
16 0.0356578 0.899558 0.0647842 1
16.1 0.0451032 0.906959 0.0479375 1
16.2 0.0558303 0.908048 0.0361213 1
16.3 0.0679655 0.904082 0.0279525 1
16.4 0.0816514 0.895984 0.0223646 1
16.5 0.0970399 0.884389 0.0185715 1
16.6 0.114285 0.869703 0.0160118 1
16.7 0.0498145 0.90928 0.0409055 1
16.8 0.0610474 0.907812 0.0311407 1
16.9 0.0737407 0.901828 0.0244309 1
17 0.0880434 0.892094 0.0198626 1
17.1 0.10411 0.879115 0.0167746 1
17.2 0.122095 0.863205 0.0146997 1
17.3 0.142141 0.844546 0.0133138 1
17.4 0.164372 0.823233 0.0123952 1
17.5 0.0705691 0.895451 0.0339796 1
17.6 0.0316588 0.891041 0.0773001 1
17.7 0.0402278 0.903256 0.0565167 1
17.8 0.0499828 0.908243 0.0417744 1
17.9 0.0610413 0.907457 0.0315014 1
18 0.0735406 0.902021 0.024438 1
18.1 0.087631 0.892738 0.0196311 1
18.2 0.0385818 0.913742 0.0476763 1
18.3 0.0478825 0.916586 0.0355317 1
18.4 0.0584424 0.914435 0.0271228 1
18.5 0.026598 0.911122 0.0622804 1
18.6 0.0340218 0.920245 0.0457337 1
18.7 0.0425006 0.923382 0.0341169 1
18.8 0.0200472 0.904274 0.0756786 1
18.9 0.0263622 0.918414 0.0552234 1
19 0.0336109 0.925698 0.0406916 1
19.1 0.0418912 0.927566 0.0305425 1
19.2 0.0513214 0.925135 0.023544 1
19.3 0.0620362 0.919199 0.018765 1
19.4 0.0741833 0.910289 0.0155277 1
19.5 0.0879191 0.898729 0.0133518 1
19.6 0.103404 0.884694 0.0119029 1
19.7 0.120795 0.868254 0.0109511 1
19.8 0.140242 0.849417 0.0103402 1
19.9 0.161877 0.828158 0.00996463 1
20 0.185802 0.804445 0.00975346 1
20.1 0.0793691 0.89287 0.0277613 1
20.2 0.0347231 0.900919 0.0643583 1
20.3 0.0431253 0.910107 0.0467678 1
20.4 0.0526752 0.912919 0.0344058 1
20.5 0.0635031 0.910641 0.0258556 1
20.6 0.0757556 0.904228 0.0200162 1
20.7 0.0895906 0.894338 0.0160717 1
20.8 0.105171 0.881392 0.0134371 1
20.9 0.122657 0.865641 0.011702 1
21 0.142201 0.847216 0.0105828 1
21.1 0.163936 0.826177 0.00988625 1
21.2 0.187968 0.802551 0.00948134 1
21.3 0.0801418 0.892907 0.0269507 1
21.4 0.0347888 0.902761 0.0624507 1
21.5 0.042919 0.911921 0.0451598 1
21.6 0.0195041 0.883417 0.0970786 1
21.7 0.0251569 0.904738 0.0701055 1
21.8 0.0316445 0.917775 0.0505801 1
21.9 0.039057 0.924186 0.0367571 1
22 0.0475057 0.925358 0.0271365 1
22.1 0.0571203 0.92235 0.0205295 1
22.2 0.0252454 0.927193 0.0475617 1
22.3 0.0314871 0.93393 0.0345826 1
22.4 0.0386265 0.935817 0.0255563 1
22.5000000000001 0.0467804 0.933864 0.019356 1
22.6000000000001 0.0560807 0.928778 0.015141 1
22.7000000000001 0.0666722 0.921023 0.0123048 1
22.8000000000001 0.0787102 0.91087 0.01042 1
22.9000000000001 0.034032 0.939913 0.0260554 1
23.0000000000001 0.0413769 0.939038 0.0195852 1
23.1000000000001 0.0186312 0.936613 0.0447562 1
23.2000000000001 0.02356 0.943982 0.0324576 1
23.3000000000001 0.029221 0.94687 0.0239086 1
23.4000000000001 0.0357136 0.946252 0.0180346 1
23.5000000000001 0.043152 0.94281 0.0140377 1
23.6000000000001 0.0192866 0.94782 0.0328933 1
23.7000000000001 0.0241769 0.951686 0.0241368 1
23.8000000000001 0.0297984 0.95209 0.0181114 1
23.9000000000001 0.0362537 0.949741 0.014005 1
24.0000000000001 0.0436589 0.945109 0.0112322 1
24.1000000000001 0.0521428 0.938477 0.00938054 1
24.2000000000001 0.0618464 0.92999 0.00816368 1
24.3000000000001 0.0268909 0.952703 0.0204063 1
24.4000000000001 0.0125039 0.941776 0.0457203 1
24.5000000000001 0.0161888 0.950861 0.0329503 1
24.6000000000001 0.0204446 0.955499 0.0240564 1
24.7000000000001 0.0253511 0.956714 0.0179354 1
24.8000000000001 0.0310014 0.955234 0.0137647 1
24.9000000000001 0.0375018 0.951548 0.0109506 1
25.0000000000001 0.0449715 0.945955 0.00907386 1
25.1000000000001 0.0535417 0.938615 0.00784312 1
25.2000000000001 0.0633552 0.929587 0.00705819 1
25.3000000000001 0.074565 0.918852 0.00658274 1
25.4000000000001 0.0873316 0.906344 0.00632453 1
25.5000000000001 0.10182 0.891959 0.00622163 1
25.6000000000001 0.118194 0.875574 0.00623266 1
25.7000000000001 0.136611 0.857059 0.00633016 1
25.8000000000001 0.157213 0.836291 0.00649589 1
25.9000000000001 0.180117 0.813166 0.00671768 1
26.0000000000001 0.205402 0.787611 0.00698717 1
26.1000000000001 0.2331 0.759601 0.00729825 1
26.2000000000001 0.26318 0.729174 0.00764596 1
26.3000000000001 0.295537 0.696437 0.00802572 1
26.4000000000001 0.127978 0.846234 0.0257882 1
26.5000000000001 0.148381 0.832277 0.0193414 1
26.6000000000001 0.170945 0.813931 0.0151243 1
26.7000000000001 0.0723487 0.888004 0.0396474 1
26.8000000000001 0.0310281 0.881073 0.0878989 1
26.9000000000001 0.0382641 0.898822 0.0629142 1
27.0000000000001 0.0465177 0.908478 0.0450047 1
27.1000000000001 0.0559122 0.911633 0.0324546 1
27.2000000000001 0.0665902 0.909588 0.023822 1
27.3000000000001 0.0288092 0.916474 0.0547168 1
27.4000000000001 0.0354359 0.925246 0.0393181 1
27.5000000000001 0.0160559 0.899215 0.0847288 1
27.6000000000001 0.0206478 0.918516 0.0608359 1
27.7000000000001 0.0100389 0.865326 0.124635 1
27.8000000000001 0.0136368 0.895989 0.0903741 1
27.9000000000001 0.00719579 0.816867 0.175937 1
28.0000000000001 0.00452264 0.691157 0.30432 1
28.1000000000001 0.00710813 0.756804 0.236088 1
28.2000000000001 0.0103089 0.811441 0.17825 1
28.3000000000001 0.00585716 0.686115 0.308028 1
28.4000000000001 0.00883723 0.7519 0.239263 1
28.5000000000001 0.0125015 0.806667 0.180832 1
28.6000000000001 0.0168883 0.849478 0.133633 1
28.7000000000001 0.00864778 0.745891 0.245462 1
28.8000000000001 0.0123303 0.801678 0.185992 1
28.9000000000001 0.0167515 0.845507 0.137742 1
29.0000000000001 0.0219543 0.877724 0.100322 1
29.1000000000001 0.0279965 0.899622 0.0723817 1
29.2000000000001 0.0349568 0.912894 0.052149 1
29.3000000000001 0.0161956 0.873933 0.109872 1
29.4000000000001 0.0212689 0.899195 0.0795361 1
29.5000000000001 0.0106503 0.830924 0.158425 1
29.6000000000002 0.0148006 0.868847 0.116353 1
29.7000000000002 0.0196965 0.895889 0.0844148 1
29.8000000000002 0.0100777 0.823196 0.166726 1
29.9000000000002 0.0141878 0.862974 0.122838 1
30.0000000000002 0.0190524 0.891635 0.0893128 1
30.1000000000002 0.00988173 0.815076 0.175043 1
30.2000000000002 0.0140283 0.856603 0.129369 1
30.3000000000002 0.0189476 0.886788 0.094264 1
30.4000000000002 0.00990421 0.8067 0.183395 1
30.5000000000002 0.0141322 0.849903 0.135965 1
30.6000000000002 0.0191572 0.881558 0.0992851 1
30.7000000000002 0.0250323 0.903011 0.071957 1
30.8000000000002 0.0318301 0.915971 0.0521985 1
30.9000000000002 0.0396449 0.922109 0.0382466 1
31.0000000000002 0.0485914 0.922832 0.0285769 1
31.1000000000002 0.058802 0.919221 0.0219769 1
31.2000000000002 0.070423 0.912043 0.0175336 1
31.3000000000002 0.0836099 0.901806 0.0145841 1
31.4000000000002 0.0985232 0.888818 0.0126591 1
31.5000000000002 0.0428076 0.924918 0.0322741 1
31.6000000000002 0.0522993 0.923084 0.0246171 1
31.7000000000002 0.0631207 0.917449 0.01943 1
31.8000000000002 0.0283271 0.925636 0.0460367 1
31.9000000000002 0.0357505 0.930052 0.0341972 1
32.0000000000002 0.0442683 0.929695 0.0260363 1
32.1000000000002 0.0540085 0.925505 0.0204869 1
32.2000000000002 0.0651126 0.918128 0.0167597 1
32.3000000000002 0.0292643 0.930275 0.0404606 1
32.4000000000002 0.036909 0.932642 0.0304492 1
32.5000000000002 0.0456758 0.930736 0.0235878 1
32.6000000000002 0.0556955 0.925361 0.0189436 1
32.7000000000002 0.0255109 0.929583 0.0449058 1
32.8000000000002 0.0132327 0.890895 0.0958727 1
32.9000000000002 0.0185189 0.911518 0.0699634 1
33.0000000000002 0.0103994 0.847872 0.141729 1
33.1000000000002 0.015253 0.880619 0.104128 1
33.2000000000002 0.0209901 0.902988 0.0760219 1
33.3000000000002 0.0114468 0.835809 0.152744 1
33.4000000000002 0.0165819 0.870876 0.112542 1
33.5000000000002 0.0226487 0.895109 0.0822425 1
33.6000000000002 0.0297069 0.910158 0.0601346 1
33.7000000000002 0.0378389 0.917752 0.0444089 1
33.8000000000002 0.018421 0.885611 0.0959682 1
33.9000000000002 0.0248556 0.904996 0.0701485 1
34.0000000000002 0.0323108 0.916122 0.0515671 1
34.1000000000002 0.0162393 0.874429 0.109332 1
34.2000000000002 0.0223803 0.897619 0.0800012 1
34.3000000000002 0.0295264 0.911811 0.0586623 1
34.4000000000002 0.0377598 0.918724 0.0435164 1
34.5000000000002 0.0471851 0.919846 0.0329691 1
34.6000000000002 0.0579268 0.916341 0.0257326 1
34.7000000000002 0.0267888 0.913507 0.0597045 1
34.8000000000002 0.0141472 0.861682 0.124171 1
34.9000000000002 0.0200712 0.888795 0.0911333 1
35.0000000000002 0.0270027 0.906182 0.0668156 1
35.1000000000002 0.0142731 0.848524 0.137203 1
35.2000000000002 0.0202996 0.878761 0.100939 1
35.3000000000002 0.0273639 0.898659 0.0739767 1
35.4000000000002 0.0355328 0.909952 0.0545151 1
35.5000000000002 0.0448976 0.914315 0.0407872 1
35.6000000000002 0.0555721 0.913155 0.0312733 1
35.7000000000002 0.0676889 0.907542 0.0247693 1
35.8000000000002 0.0309429 0.91074 0.0583174 1
35.9000000000002 0.0396852 0.91677 0.0435443 1
36.0000000000002 0.0496768 0.917057 0.0332662 1
36.1000000000002 0.0610429 0.912741 0.0262158 1
36.2000000000002 0.0739235 0.904644 0.0214329 1
36.3000000000002 0.0884678 0.893315 0.0182172 1
36.4000000000002 0.104828 0.8791 0.0160719 1
36.5000000000002 0.123152 0.862198 0.0146504 1
36.6000000000003 0.0537626 0.907835 0.0384024 1
36.7000000000003 0.0658829 0.904317 0.0297996 1
36.8000000000003 0.0795804 0.896482 0.0239373 1
36.9000000000003 0.0359401 0.906802 0.0572575 1
37.0000000000003 0.0182469 0.861022 0.120731 1
37.1000000000003 0.0253259 0.885856 0.0888182 1
37.2000000000003 0.0335517 0.901016 0.0654318 1
37.3000000000003 0.0430011 0.908258 0.0487412 1
37.4000000000003 0.0211747 0.87358 0.105246 1
37.5000000000003 0.0122872 0.785318 0.202395 1
37.6000000000003 0.0183916 0.82987 0.151738 1
37.7000000000003 0.025672 0.862157 0.112171 1
37.8000000000003 0.0141147 0.771744 0.214141 1
37.9000000000003 0.0206613 0.818252 0.161087 1
38.0000000000003 0.0284525 0.852261 0.119287 1
38.1000000000003 0.0375244 0.874783 0.0876928 1
38.2000000000003 0.018976 0.805663 0.175361 1
38.3000000000003 0.0265204 0.84311 0.13037 1
38.4000000000003 0.035349 0.868667 0.0959836 1
38.5000000000003 0.0455119 0.883855 0.070633 1
38.6000000000003 0.0570868 0.890444 0.0524692 1
38.7000000000003 0.0701791 0.890085 0.039736 1
38.8000000000003 0.0849154 0.88413 0.0309549 1
38.9000000000003 0.101434 0.873594 0.0249711 1
39.0000000000003 0.0450769 0.894167 0.0607558 1
39.1000000000003 0.056544 0.89782 0.0456361 1
39.2000000000003 0.0695207 0.895358 0.0351212 1
39.3000000000003 0.0841383 0.887954 0.027908 1
39.4000000000003 0.100538 0.876454 0.0230076 1
39.5000000000003 0.118862 0.861439 0.0196991 1
39.6000000000003 0.139245 0.843283 0.0174715 1
39.7000000000003 0.161802 0.822229 0.015969 1
39.8000000000003 0.186618 0.798435 0.0149475 1
39.9000000000003 0.213739 0.77202 0.014241 1
40.0000000000003 0.243161 0.743102 0.0137377 1
40.1000000000003 0.274814 0.711823 0.0133625 1
40.2000000000003 0.118933 0.840433 0.0406336 1
40.3000000000003 0.0521199 0.852761 0.0951191 1
40.4000000000003 0.065266 0.864741 0.0699933 1
40.5000000000003 0.0800581 0.867889 0.0520525 1
40.6000000000003 0.0966024 0.863879 0.0395186 1
40.7000000000003 0.115022 0.854077 0.0309014 1
40.8000000000003 0.135443 0.839514 0.0250425 1
40.9000000000003 0.157982 0.820932 0.0210856 1
41.0000000000003 0.06849 0.876605 0.054905 1
41.1000000000003 0.0835388 0.874823 0.0416378 1
41.2000000000003 0.0379787 0.867322 0.0946993 1
41.3000000000003 0.0489384 0.881051 0.0700109 1
41.4000000000003 0.0613887 0.886252 0.0523592 1
41.5000000000003 0.0754318 0.884568 0.0400006 1
41.6000000000003 0.0911905 0.877331 0.0314787 1
41.7000000000003 0.0412024 0.884433 0.0743651 1
41.8000000000003 0.052557 0.891886 0.0555574 1
41.9000000000003 0.0654211 0.892247 0.0423316 1
42.0000000000003 0.0799117 0.886909 0.0331792 1
42.1000000000003 0.0961604 0.876924 0.0269151 1
42.2000000000003 0.114304 0.86304 0.0226561 1
42.3000000000003 0.134475 0.845759 0.0197663 1
42.4000000000003 0.0589815 0.889942 0.0510762 1
42.5000000000003 0.0282756 0.860186 0.111538 1
42.6000000000003 0.0378764 0.879612 0.0825121 1
42.7000000000003 0.0488841 0.889652 0.0614634 1
42.8000000000003 0.0613814 0.892056 0.0465625 1
42.9000000000003 0.0754766 0.888324 0.0361989 1
43.0000000000003 0.0912958 0.879625 0.0290791 1
43.1000000000003 0.108973 0.866802 0.0242245 1
43.2000000000003 0.128642 0.850434 0.0209239 1
43.3000000000003 0.0566604 0.889816 0.0535232 1
43.4000000000003 0.0702442 0.888692 0.0410636 1
43.5000000000003 0.0855095 0.882035 0.0324558 1
43.6000000000004 0.102587 0.870846 0.0265666 1
43.7000000000004 0.0460549 0.889202 0.0647433 1
43.8000000000004 0.0232243 0.840642 0.136133 1
43.9000000000004 0.0321776 0.866921 0.100902 1
44.0000000000004 0.0176023 0.785221 0.197177 1
44.1000000000004 0.0256273 0.826448 0.147924 1
44.2000000000004 0.0350887 0.855192 0.10972 1
44.3000000000004 0.0187542 0.769356 0.211889 1
44.4000000000004 0.0119522 0.634667 0.353381 1
44.5000000000004 0.0187398 0.701819 0.279441 1
44.6000000000004 0.0271629 0.757874 0.214964 1
44.7000000000004 0.0372403 0.801015 0.161744 1
44.8000000000004 0.0489698 0.831091 0.119939 1
44.9000000000004 0.0623604 0.849185 0.0884547 1
45.0000000000004 0.0296838 0.790155 0.180161 1
45.1000000000004 0.0401353 0.825549 0.134316 1
45.2000000000004 0.0521952 0.848538 0.0992668 1
45.3000000000004 0.0256535 0.777155 0.197191 1
45.4000000000004 0.0354173 0.816832 0.147751 1
45.5000000000004 0.0467749 0.843783 0.109442 1
45.6000000000004 0.0235051 0.763352 0.213143 1
45.7000000000004 0.0329136 0.806616 0.16047 1
45.8000000000004 0.0439248 0.836926 0.119149 1
45.9000000000004 0.0565509 0.855394 0.0880546 1
46.0000000000004 0.0708329 0.86374 0.0654272 1
46.1000000000004 0.0868453 0.863774 0.0493806 1
46.2000000000004 0.104688 0.857099 0.0382129 1
46.3000000000004 0.124476 0.844985 0.0305384 1
46.4000000000004 0.146321 0.828379 0.0253004 1
46.5000000000004 0.170319 0.807952 0.0217284 1
46.6000000000004 0.196539 0.784184 0.0192768 1
46.7000000000004 0.225005 0.757427 0.017568 1
46.8000000000004 0.255688 0.727968 0.0163443 1
46.9000000000004 0.288496 0.696072 0.0154325 1
47.0000000000004 0.323265 0.662018 0.0147177 1
47.1000000000004 0.359756 0.626119 0.0141247 1
47.2000000000004 0.158765 0.794917 0.046318 1
47.3000000000004 0.185073 0.779366 0.0355612 1
47.4000000000004 0.213474 0.758282 0.0282441 1
47.5000000000004 0.0918428 0.833365 0.0747926 1
47.6000000000004 0.111071 0.833208 0.0557215 1
47.7000000000004 0.132261 0.825348 0.0423908 1
47.8000000000004 0.0581077 0.84158 0.100313 1
47.9000000000004 0.0729432 0.852773 0.0742838 1
48.0000000000004 0.0895518 0.854793 0.0556553 1
48.1000000000004 0.108018 0.849374 0.0426079 1
48.2000000000004 0.128445 0.837951 0.0336041 1
48.3000000000004 0.150934 0.821622 0.0274439 1
48.4000000000004 0.175575 0.801186 0.0232387 1
48.5000000000004 0.202425 0.777222 0.0203532 1
48.6000000000004 0.231499 0.750156 0.0183451 1
48.7000000000004 0.0999907 0.847939 0.0520698 1
48.8000000000004 0.119739 0.840154 0.0401076 1
48.9000000000004 0.0531763 0.852123 0.0947011 1
49.0000000000004 0.067248 0.862321 0.0704309 1
49.1000000000004 0.0830474 0.863825 0.053128 1
49.2000000000004 0.100665 0.858301 0.0410342 1
49.3000000000004 0.120208 0.8471 0.0326925 1
49.4000000000004 0.0535036 0.86732 0.0791768 1
49.5000000000004 0.0674625 0.873074 0.0594638 1
49.6000000000004 0.0831329 0.871292 0.0455754 1
49.7000000000004 0.100619 0.86344 0.0359413 1
49.8000000000004 0.120036 0.850644 0.0293205 1
49.9000000000004 0.141498 0.833717 0.0247849 1
50.0000000000004 0.165104 0.81323 0.0216662 1
50.1000000000004 0.190924 0.789581 0.019495 1
50.2000000000004 0.21899 0.763062 0.0179483 1
50.3000000000004 0.0947164 0.854623 0.0506604 1
50.4000000000004 0.11384 0.846845 0.0393152 1
50.5000000000004 0.134957 0.833536 0.0315066 1
50.6000000000004 0.158168 0.815671 0.0261612 1
50.7000000000005 0.183549 0.793955 0.0224962 1
50.8000000000005 0.211145 0.768897 0.0199579 1
50.9000000000005 0.0913242 0.853459 0.0552164 1
51.0000000000005 0.110162 0.847352 0.0424861 1
51.1000000000005 0.130973 0.835329 0.0336978 1
51.2000000000005 0.153857 0.818468 0.0276748 1
51.3000000000005 0.178896 0.797556 0.0235484 1
51.4000000000005 0.206139 0.773161 0.0206995 1
51.5000000000005 0.235594 0.745709 0.0186976 1
51.6000000000005 0.26721 0.715542 0.0172486 1
51.7000000000005 0.30087 0.682975 0.016155 1
51.8000000000005 0.336388 0.648326 0.0152859 1
51.9000000000005 0.373502 0.611942 0.0145561 1
52.0000000000005 0.41188 0.574209 0.0139116 1
52.1000000000005 0.451126 0.535555 0.0133193 1
52.2000000000005 0.490797 0.496442 0.0127601 1
52.3000000000005 0.530421 0.457355 0.0122242 1
52.4000000000005 0.569515 0.418778 0.0117076 1
52.5000000000005 0.607614 0.381175 0.0112101 1
52.6000000000005 0.308379 0.642264 0.0493574 1
52.7000000000005 0.347551 0.616167 0.0362822 1
52.8000000000005 0.150555 0.744263 0.105182 1
52.9000000000005 0.178805 0.744899 0.0762959 1
53.0000000000005 0.208956 0.735244 0.0557999 1
53.1000000000005 0.24094 0.717436 0.0416241 1
53.2000000000005 0.274689 0.693326 0.0319856 1
53.3000000000005 0.118099 0.793791 0.0881099 1
53.4000000000005 0.141488 0.793587 0.0649249 1
53.5000000000005 0.16689 0.784502 0.0486088 1
53.6000000000005 0.194328 0.768329 0.0373435 1
53.7000000000005 0.223817 0.74653 0.029653 1
53.8000000000005 0.096379 0.82464 0.0789814 1
53.9000000000005 0.116624 0.82444 0.0589353 1
54.0000000000005 0.138857 0.816262 0.0448816 1
54.1000000000005 0.163143 0.801678 0.0351796 1
54.2000000000005 0.189542 0.781922 0.028536 1
54.3000000000005 0.218087 0.757925 0.0239886 1
54.4000000000005 0.248765 0.730385 0.0208499 1
54.5000000000005 0.281505 0.699853 0.0186419 1
54.6000000000005 0.31617 0.66679 0.0170396 1
54.7000000000005 0.352547 0.631627 0.0158259 1
54.8000000000005 0.390351 0.594791 0.0148583 1
54.9000000000005 0.173937 0.776139 0.0499234 1
55.0000000000005 0.202191 0.75961 0.0381985 1
55.1000000000005 0.232462 0.737345 0.0301936 1
55.2000000000005 0.264713 0.710538 0.0247492 1
55.3000000000005 0.298854 0.680119 0.0210269 1
55.4000000000005 0.334728 0.64683 0.0184417 1
55.5000000000005 0.146397 0.796313 0.0572903 1
55.6000000000005 0.172083 0.784444 0.043473 1
55.7000000000005 0.199824 0.766202 0.0339739 1
55.8000000000005 0.086236 0.826403 0.0873609 1
55.9000000000005 0.0398337 0.778516 0.18165 1
56.0000000000005 0.0212848 0.66037 0.318345 1
56.1000000000005 0.0310703 0.720632 0.248298 1
56.2000000000005 0.0176499 0.582691 0.399659 1
56.3000000000005 0.0265892 0.652292 0.321119 1
56.4000000000005 0.0156895 0.506653 0.477658 1
56.5000000000005 0.0240697 0.580822 0.395108 1
56.6000000000005 0.0347091 0.648759 0.316532 1
56.7000000000005 0.0190498 0.506099 0.474851 1
56.8000000000005 0.0121944 0.371647 0.616159 1
56.9000000000005 0.0193121 0.443967 0.536721 1
57.0000000000005 0.0288052 0.517737 0.453458 1
57.1000000000005 0.0409261 0.588268 0.370806 1
57.2000000000005 0.0557671 0.650776 0.293457 1
57.3000000000005 0.0732607 0.701412 0.225327 1
57.4000000000005 0.0345476 0.584069 0.381383 1
57.5000000000005 0.0478679 0.648753 0.303379 1
57.6000000000005 0.0637434 0.702133 0.234124 1
57.7000000000006 0.0820461 0.741803 0.176151 1
57.8000000000006 0.102609 0.76721 0.130182 1
57.9000000000006 0.125289 0.779308 0.0954029 1
58.0000000000006 0.150001 0.779919 0.0700802 1
58.1000000000006 0.0652833 0.776869 0.157848 1
58.2000000000006 0.0314606 0.678463 0.290076 1
58.3000000000006 0.0178214 0.535852 0.446327 1
58.4000000000006 0.0268874 0.608325 0.364788 1
58.5000000000006 0.015823 0.463596 0.520581 1
58.6000000000006 0.0242849 0.538242 0.437473 1
58.7000000000006 0.0351503 0.608911 0.355938 1
58.8000000000006 0.0192912 0.466638 0.514071 1
58.9000000000006 0.0288213 0.540499 0.430679 1
59.0000000000006 0.0409191 0.609856 0.349225 1
59.1000000000006 0.0556477 0.670096 0.274257 1
59.2000000000006 0.0729269 0.717784 0.209289 1
59.3000000000006 0.0925924 0.751275 0.156133 1
59.4000000000006 0.114469 0.770702 0.114828 1
59.5000000000006 0.0509038 0.716602 0.232495 1
59.6000000000006 0.0667213 0.757896 0.175383 1
59.7000000000006 0.0846891 0.785198 0.130113 1
59.8000000000006 0.104713 0.799452 0.0958348 1
59.9000000000006 0.126745 0.802429 0.0708262 1
60.0000000000006 0.150784 0.796124 0.0530918 1
60.1000000000006 0.176856 0.78238 0.0407643 1
60.2000000000006 0.204989 0.762715 0.0322964 1
60.3000000000006 0.235187 0.738312 0.0265009 1
60.4000000000006 0.267409 0.710079 0.0225127 1
60.5000000000006 0.301552 0.678724 0.0197237 1
60.6000000000006 0.337446 0.644836 0.0177177 1
60.7000000000006 0.374846 0.608938 0.0162161 1
60.8000000000006 0.413435 0.571529 0.0150358 1
60.9000000000006 0.452835 0.533105 0.0140592 1
61.0000000000006 0.492618 0.49417 0.0132127 1
61.1000000000006 0.532323 0.455225 0.0124517 1
61.2000000000006 0.571483 0.416766 0.0117507 1
61.3000000000006 0.609644 0.37926 0.0110962 1
61.4000000000006 0.646388 0.34313 0.0104819 1
61.5000000000006 0.681353 0.308742 0.00990581 1
61.6000000000006 0.371442 0.579999 0.0485592 1
61.7000000000006 0.413795 0.551012 0.0351922 1
61.8000000000006 0.455903 0.517719 0.0263772 1
61.9000000000006 0.497534 0.481865 0.0206011 1
62.0000000000006 0.538416 0.444787 0.016797 1
62.1000000000006 0.257469 0.677664 0.0648679 1
62.2000000000006 0.2944 0.658367 0.047233 1
62.3000000000006 0.125902 0.747709 0.126388 1
62.4000000000006 0.151917 0.755855 0.0922281 1
62.5000000000006 0.179924 0.752573 0.0675034 1
62.6000000000006 0.209845 0.740033 0.0501218 1
62.7000000000006 0.241631 0.720224 0.0381454 1
62.8000000000006 0.27522 0.694795 0.0299854 1
62.9000000000006 0.310508 0.665054 0.0244371 1
63.0000000000006 0.347332 0.632034 0.0206336 1
63.1000000000006 0.152178 0.783796 0.0640267 1
63.2000000000006 0.178945 0.772865 0.0481901 1
63.3000000000006 0.207719 0.755026 0.0372545 1
63.4000000000006 0.238492 0.731738 0.0297693 1
63.5000000000006 0.271217 0.704138 0.024645 1
63.6000000000006 0.305791 0.673109 0.0211009 1
63.7000000000006 0.34204 0.639364 0.0185955 1
63.8000000000006 0.1499 0.79191 0.0581899 1
63.9000000000006 0.176163 0.779532 0.0443048 1
64.0000000000006 0.0764403 0.815158 0.108402 1
64.1000000000006 0.0948782 0.824686 0.0804355 1
64.2000000000006 0.115264 0.824385 0.0603515 1
64.3000000000006 0.137639 0.816115 0.0462451 1
64.4000000000006 0.162063 0.801461 0.0364766 1
64.5000000000006 0.188588 0.781658 0.029754 1
64.6000000000006 0.217242 0.757642 0.0251165 1
64.7000000000006 0.24801 0.730111 0.0218781 1
64.8000000000006 0.280823 0.699615 0.019562 1
64.9000000000006 0.315541 0.666614 0.0178448 1
65.0000000000006 0.351958 0.631531 0.0165106 1
65.1000000000006 0.389794 0.594788 0.0154183 1
65.2000000000006 0.428701 0.556821 0.0144778 1
65.3000000000006 0.468276 0.518091 0.0136333 1
65.4000000000006 0.508074 0.479074 0.0128519 1
65.5000000000006 0.54763 0.440255 0.0121156 1
65.6000000000005 0.586477 0.402108 0.0114159 1
65.7000000000005 0.624172 0.365078 0.01075 1
65.8000000000005 0.660317 0.329564 0.0101185 1
65.9000000000005 0.694575 0.295902 0.00952337 1
66.0000000000005 0.726679 0.264354 0.0089668 1
66.1000000000005 0.756445 0.235104 0.00845075 1
66.2000000000005 0.451941 0.501091 0.0469675 1
66.3000000000005 0.496559 0.470191 0.0332492 1
66.4000000000005 0.539511 0.436121 0.0243675 1
66.5000000000005 0.580689 0.400652 0.0186592 1
66.6000000000005 0.619957 0.365071 0.0149716 1
66.7000000000005 0.657159 0.330296 0.0125454 1
66.8000000000005 0.347797 0.594281 0.0579222 1
66.9000000000005 0.390099 0.568401 0.0415 1
67.0000000000005 0.4323 0.537134 0.0305658 1
67.1000000000005 0.474184 0.502451 0.0233645 1
67.2000000000005 0.515502 0.465878 0.0186194 1
67.3000000000005 0.555965 0.428582 0.0154525 1
67.4000000000004 0.595254 0.391462 0.0132839 1
67.5000000000004 0.633045 0.355213 0.011742 1
67.6000000000004 0.328107 0.619034 0.0528595 1
67.7000000000004 0.368783 0.5927 0.0385167 1
67.8000000000004 0.409818 0.561244 0.0289376 1
67.9000000000004 0.450983 0.526435 0.0225818 1
68.0000000000004 0.492002 0.489653 0.0183443 1
68.1000000000004 0.532553 0.451977 0.01547 1
68.2000000000004 0.572277 0.414262 0.0134611 1
68.3000000000004 0.610808 0.377194 0.0119985 1
68.4000000000004 0.310386 0.637237 0.0523772 1
68.5000000000004 0.349967 0.61159 0.0384427 1
68.6000000000004 0.390189 0.580711 0.0291 1
68.7000000000004 0.430826 0.546304 0.0228698 1
68.8000000000004 0.471604 0.509705 0.0186904 1
68.9000000000004 0.512193 0.471971 0.0158352 1
69.0000000000004 0.552224 0.433952 0.0138235 1
69.1000000000004 0.591309 0.396345 0.012346 1
69.2000000000003 0.629068 0.359723 0.0112086 1
69.3000000000003 0.665151 0.324558 0.0102916 1
69.4000000000003 0.356388 0.594617 0.0489951 1
69.5000000000003 0.398104 0.566196 0.0357 1
69.6000000000003 0.439826 0.533299 0.0268749 1
69.7000000000003 0.481318 0.497639 0.0210424 1
69.8000000000003 0.522303 0.460538 0.0171588 1
69.9000000000003 0.247129 0.688013 0.0648584 1
70.0000000000003 0.105041 0.735279 0.159681 1
70.1000000000003 0.129187 0.753479 0.117334 1
70.2000000000003 0.155428 0.758768 0.0858046 1
70.3000000000003 0.183644 0.753206 0.0631497 1
70.4000000000003 0.21377 0.738937 0.0472927 1
70.5000000000003 0.0918517 0.789847 0.118302 1
70.6000000000003 0.0423375 0.723029 0.234633 1
70.7000000000003 0.0567651 0.765627 0.177608 1
70.8000000000003 0.0733005 0.79436 0.132339 1
70.9000000000002 0.0350558 0.711253 0.253691 1
71.0000000000002 0.0197371 0.573623 0.40664 1
71.1000000000002 0.0296511 0.642916 0.327433 1
71.2000000000002 0.041882 0.702255 0.255863 1
71.3000000000002 0.022472 0.566899 0.410629 1
71.4000000000002 0.0331181 0.635938 0.330944 1
71.5000000000002 0.0461821 0.695086 0.258732 1
71.6000000000002 0.0616142 0.741345 0.197041 1
71.7000000000002 0.0303634 0.626628 0.343008 1
71.8000000000002 0.0428335 0.687727 0.269439 1
71.9000000000002 0.0576669 0.736317 0.206016 1
72.0000000000002 0.0288066 0.617413 0.353781 1
72.1000000000002 0.0409457 0.680015 0.279039 1
72.2000000000002 0.0554587 0.730456 0.214086 1
72.3000000000002 0.072246 0.767008 0.160746 1
72.4000000000002 0.0345971 0.669837 0.295566 1
72.5000000000002 0.0195048 0.527748 0.452747 1
72.6000000000002 0.0293939 0.599858 0.370748 1
72.7000000000001 0.0417473 0.664107 0.294146 1
72.8000000000001 0.0565602 0.716703 0.226737 1
72.9000000000001 0.0737268 0.755526 0.170747 1
73.0000000000001 0.035169 0.654873 0.309958 1
73.1000000000001 0.0486264 0.710861 0.240513 1
73.2000000000001 0.0644051 0.753474 0.182121 1
73.3000000000001 0.0315099 0.644734 0.323756 1
73.4000000000001 0.0442012 0.703213 0.252586 1
73.5000000000001 0.0234483 0.569187 0.407365 1
73.6000000000001 0.0146924 0.426556 0.558752 1
73.7000000000001 0.0230899 0.500745 0.476165 1
73.8000000000001 0.0340334 0.572949 0.393017 1
73.9000000000001 0.0476733 0.638309 0.314018 1
74.0000000000001 0.0639946 0.69265 0.243355 1
74.1000000000001 0.0828543 0.73335 0.183795 1
74.2000000000001 0.104056 0.759663 0.136281 1
74.3000000000001 0.127423 0.772427 0.10015 1
74.4 0.0564079 0.733729 0.209863 1
74.5 0.0283545 0.61324 0.358406 1
74.6 0.0404429 0.676376 0.283181 1
74.7 0.0549216 0.727488 0.21759 1
74.8 0.0277653 0.604449 0.367786 1
74.9 0.0166163 0.460011 0.523373 1
75 0.0256758 0.53424 0.440084 1
75.1 0.0372993 0.604421 0.358279 1
75.2 0.0515744 0.665874 0.282552 1
75.3 0.0264187 0.530949 0.442632 1
75.4 0.0382563 0.601107 0.360637 1
75.5 0.052783 0.662624 0.284593 1
75.6 0.0699305 0.711873 0.218196 1
75.7 0.0895304 0.746983 0.163487 1
75.8 0.111392 0.767902 0.120706 1
75.9 0.0500381 0.708252 0.24171 1
76 0.066154 0.75079 0.183056 1
76.1 0.0844948 0.779227 0.136279 1
76.1999999999999 0.104941 0.794386 0.100673 1
76.2999999999999 0.127421 0.797998 0.074581 1
76.3999999999999 0.151909 0.792085 0.0560062 1
76.4999999999999 0.178417 0.778538 0.0430447 1
76.5999999999999 0.20696 0.758938 0.0341017 1
76.6999999999999 0.237534 0.734521 0.0279455 1
76.7999999999999 0.10262 0.82118 0.0761999 1
76.8999999999999 0.124097 0.818361 0.0575419 1
76.9999999999999 0.0555718 0.813462 0.130966 1
77.0999999999999 0.071424 0.831057 0.097519 1
77.1999999999999 0.0891712 0.83779 0.0730386 1
77.2999999999999 0.0416888 0.801605 0.156706 1
77.3999999999999 0.0227607 0.692937 0.284303 1
77.4999999999999 0.0334339 0.747184 0.219382 1
77.5999999999999 0.0461315 0.788049 0.165819 1
77.6999999999999 0.0607974 0.815423 0.12378 1
77.7999999999999 0.0303458 0.731181 0.238474 1
77.8999999999998 0.0180313 0.594092 0.387877 1
77.9999999999998 0.0125339 0.447721 0.539746 1
78.0999999999998 0.00957957 0.324005 0.666415 1
78.1999999999998 0.0160579 0.392757 0.591185 1
78.2999999999998 0.0249214 0.465402 0.509677 1
78.3999999999998 0.0365232 0.537742 0.425735 1
78.4999999999998 0.0510581 0.60489 0.344052 1
78.5999999999998 0.0263093 0.467616 0.506074 1
78.6999999999998 0.0158351 0.341242 0.642923 1
78.7999999999998 0.0245704 0.410551 0.564878 1
78.8999999999998 0.0149811 0.296337 0.688682 1
78.9999999999998 0.0102063 0.211352 0.778442 1
79.0999999999998 0.00751075 0.150776 0.841713 1
79.1999999999998 0.0125454 0.192399 0.795055 1
79.2999999999998 0.00864087 0.137391 0.853968 1
79.3999999999998 0.00637607 0.0986052 0.895019 1
79.4999999999998 0.004973 0.071216 0.923811 1
79.5999999999998 0.0040611 0.0517997 0.944139 1
79.6999999999997 0.00711207 0.0685137 0.924374 1
79.7999999999997 0.011634 0.0898563 0.89851 1
79.8999999999997 0.00779346 0.0649927 0.927214 1
79.9999999999997 0.0126104 0.0853418 0.902048 1
80.0999999999997 0.00830904 0.0617897 0.929901 1
80.1999999999997 0.00586228 0.0450851 0.949053 1
80.2999999999997 0.0097149 0.0598131 0.930472 1
80.3999999999997 0.0153845 0.078664 0.905951 1
80.4999999999997 0.0236246 0.102463 0.873912 1
80.5999999999997 0.0142531 0.0738616 0.911885 1
80.6999999999997 0.0219893 0.0964243 0.881586 1
80.7999999999997 0.0330957 0.124508 0.842397 1
80.8999999999997 0.0191999 0.0894107 0.891389 1
80.9999999999997 0.0291145 0.115852 0.855033 1
81.0999999999997 0.0171445 0.0833093 0.899546 1
81.1999999999997 0.0261672 0.108265 0.865568 1
81.2999999999997 0.0156047 0.0779594 0.906436 1
81.3999999999997 0.0239504 0.101571 0.874478 1
81.4999999999996 0.0358902 0.130836 0.833274 1
81.5999999999996 0.0526396 0.166204 0.781157 1
81.6999999999996 0.0755564 0.20752 0.716924 1
81.7999999999996 0.10594 0.253631 0.640429 1
81.8999999999996 0.0526318 0.182987 0.764381 1
81.9999999999996 0.0753529 0.227323 0.697324 1
82.0999999999996 0.0392223 0.162851 0.797927 1
82.1999999999996 0.0570848 0.204592 0.738323 1
82.2999999999996 0.030813 0.146254 0.822933 1
82.3999999999996 0.0454603 0.185265 0.769275 1
82.4999999999996 0.0252691 0.132415 0.842315 1
82.5999999999996 0.0151521 0.0950404 0.889807 1
82.6999999999996 0.0097422 0.0686716 0.921586 1
82.7999999999996 0.0154813 0.089998 0.894521 1
82.8999999999996 0.00990779 0.0651007 0.924992 1
82.9999999999996 0.0157115 0.0854409 0.898848 1
83.0999999999996 0.010022 0.0618723 0.928106 1
83.1999999999995 0.0158687 0.0813151 0.902816 1
83.2999999999995 0.0100985 0.0589483 0.930953 1
83.3999999999995 0.0159724 0.0775733 0.906454 1
83.4999999999995 0.0101472 0.0562956 0.933557 1
83.5999999999995 0.00689274 0.0412008 0.951906 1
83.6999999999995 0.00501929 0.0304477 0.964533 1
83.7999999999995 0.00391449 0.0227622 0.973323 1
83.8999999999995 0.00324938 0.0172559 0.979495 1
83.9999999999995 0.00284157 0.0133041 0.983854 1
84.0999999999995 0.00258736 0.0104644 0.986948 1
84.1999999999995 0.00242657 0.00842244 0.989151 1
84.2999999999995 0.00232357 0.00695337 0.990723 1
84.3999999999995 0.00225694 0.00589631 0.991847 1
84.4999999999995 0.00221356 0.00513581 0.992651 1
84.5999999999995 0.00218528 0.00458887 0.993226 1
84.6999999999995 0.00414707 0.00696053 0.988892 1
84.7999999999995 0.00705815 0.0100903 0.982852 1
84.8999999999995 0.00497351 0.00815898 0.986868 1
84.9999999999994 0.00378152 0.00677121 0.989447 1
85.0999999999994 0.00652155 0.00984505 0.983633 1
85.1999999999994 0.00467185 0.00798649 0.987342 1
85.2999999999994 0.00784348 0.0114481 0.980708 1
85.3999999999994 0.012529 0.015994 0.971477 1
85.4999999999994 0.0194171 0.0219305 0.958652 1
85.5999999999994 0.0294764 0.0296222 0.940901 1
85.6999999999994 0.0440353 0.0394761 0.916489 1
85.7999999999994 0.0648462 0.0518985 0.883255 1
85.8999999999994 0.0940879 0.0672034 0.838709 1
85.9999999999994 0.134215 0.0854517 0.780333 1
86.0999999999994 0.187531 0.106215 0.706254 1
86.1999999999994 0.255371 0.128309 0.61632 1
86.2999999999994 0.117482 0.0951298 0.787388 1
86.3999999999994 0.0609695 0.068643 0.870387 1
86.4999999999994 0.0884127 0.0883162 0.823271 1
86.5999999999994 0.0472953 0.063747 0.888958 1
86.6999999999993 0.0692554 0.0826099 0.848135 1
86.7999999999993 0.0997207 0.105368 0.794911 1
86.8999999999993 0.140827 0.131764 0.727409 1
86.9999999999993 0.194281 0.160724 0.644995 1
87.0999999999993 0.260546 0.190094 0.54936 1
87.1999999999993 0.337916 0.216667 0.445416 1
87.2999999999993 0.422042 0.236773 0.341185 1
87.3999999999993 0.50658 0.247442 0.245978 1
87.4999999999993 0.585094 0.247593 0.167313 1
87.5999999999993 0.653191 0.238395 0.108414 1
87.6999999999993 0.70946 0.222535 0.0680049 1
87.7999999999993 0.754853 0.202998 0.0421494 1
87.8999999999993 0.791382 0.182207 0.0264117 1
87.9999999999993 0.472385 0.388577 0.139038 1
88.0999999999993 0.197925 0.442089 0.359986 1
88.1999999999993 0.247654 0.477635 0.274712 1
88.2999999999993 0.300186 0.498785 0.201028 1
88.3999999999993 0.123671 0.469404 0.406924 1
88.4999999999992 0.0566055 0.359709 0.583685 1
88.5999999999992 0.0785365 0.423357 0.498106 1
88.6999999999992 0.0387201 0.312059 0.649221 1
88.7999999999992 0.0216726 0.22348 0.754847 1
88.8999999999992 0.0326273 0.27764 0.689733 1
88.9999999999992 0.0474555 0.338033 0.614511 1
89.0999999999992 0.0256349 0.243052 0.731313 1
89.1999999999992 0.0380545 0.299762 0.662183 1
89.2999999999992 0.0213919 0.214478 0.76413 1
89.3999999999992 0.0133171 0.153083 0.8336 1
89.4999999999992 0.0209076 0.194833 0.784259 1
89.5999999999992 0.0315932 0.244179 0.724228 1
89.6999999999992 0.0462063 0.300354 0.65344 1
89.7999999999992 0.0655228 0.361295 0.573182 1
89.8999999999992 0.0336193 0.261761 0.70462 1
89.9999999999992 0.048885 0.320066 0.631049 1
