0 0.333333 0.333333 0.333333 1
0.1 0.537985 0.333924 0.128091 1
0.2 0.692468 0.267268 0.040264 1
0.3 0.796396 0.191478 0.012126 1
0.4 0.86594 0.129972 0.00408833 1
0.5 0.912445 0.085744 0.00181149 1
0.6 0.943164 0.0557284 0.00110795 1
0.700000000000001 0.963137 0.0360159 0.00084737 1
0.800000000000001 0.910985 0.0858885 0.00312658 1
0.900000000000001 0.942684 0.0558854 0.00143042 1
1 0.962943 0.0361296 0.000927303 1
1.09999999999999 0.908172 0.0867627 0.00506559 1
1.19999999999998 0.941535 0.0565563 0.00190842 1
1.29999999999997 0.962372 0.0365814 0.00104621 1
1.39999999999996 0.907428 0.0876426 0.00492935 1
1.49999999999995 0.940981 0.057139 0.00188029 1
1.59999999999993 0.961995 0.0369617 0.00104335 1
1.69999999999992 0.975272 0.0239444 0.000783404 1
1.79999999999991 0.935397 0.0593492 0.00525403 1
1.8999999999999 0.959631 0.0385031 0.00186561 1
1.99999999999989 0.974065 0.0249489 0.000985997 1
2.09999999999988 0.935961 0.0607223 0.00331669 1
2.19999999999987 0.959254 0.0393419 0.00140453 1
2.29999999999986 0.317014 0.523684 0.159302 1
2.39999999999985 0.0358601 0.55294 0.4112 1
2.49999999999984 0.0816399 0.713504 0.204856 1
2.59999999999982 0.147939 0.76503 0.0870305 1
2.69999999999981 0.233822 0.731026 0.0351522 1
2.7999999999998 0.00891204 0.754899 0.236189 1
2.89999999999979 0.00730215 0.759525 0.233173 1
2.99999999999978 0.00894074 0.763116 0.227943 1
3.09999999999977 0.0251476 0.871832 0.103021 1
3.19999999999976 0.00303394 0.761749 0.235217 1
3.29999999999975 0.00374139 0.763308 0.232951 1
3.39999999999974 0.00166115 0.572628 0.425711 1
3.49999999999973 0.00147598 0.358833 0.639691 1
3.59999999999971 0.00182736 0.191991 0.806182 1
3.6999999999997 0.00370525 0.201129 0.795166 1
3.79999999999969 0.00450088 0.210635 0.784864 1
3.89999999999968 0.00295855 0.104023 0.893019 1
3.99999999999967 0.000782502 0.0481737 0.951044 1
4.0999999999997 0.00710188 0.118164 0.874734 1
4.19999999999974 0.00041767 0.0234745 0.976108 1
4.29999999999977 0.00268665 0.0267959 0.970517 1
4.3999999999998 0.00171193 0.0132459 0.985042 1
4.49999999999984 0.000843764 0.00333225 0.995824 1
4.59999999999987 0.00206323 0.00238639 0.99555 1
4.6999999999999 0.00238644 0.00415238 0.993461 1
4.79999999999994 0.0131379 0.0131222 0.97374 1
4.89999999999997 0.00675814 0.015111 0.978131 1
5 0.00573199 0.0180993 0.976169 1
5.10000000000004 0.00470553 0.0209984 0.974296 1
5.20000000000007 6.22378E-05 0.00175452 0.998183 1
5.3000000000001 0.00358612 0.00703104 0.989383 1
5.40000000000014 0.000366231 0.000977488 0.998656 1
5.50000000000017 0.00018934 0.000481654 0.999329 1
5.6000000000002 0.00103644 0.00187107 0.997092 1
5.70000000000024 0.00217084 0.00372361 0.994106 1
5.80000000000027 0.000960106 0.00290083 0.996139 1
5.90000000000031 0.00163012 0.00454588 0.993824 1
6.00000000000034 0.00999155 0.0140959 0.975913 1
6.10000000000037 0.00554682 0.0162398 0.978213 1
6.20000000000041 0.000405966 0.0075767 0.992017 1
6.30000000000044 0.00108647 0.00456467 0.994349 1
6.40000000000047 0.00775141 0.0141484 0.9781 1
6.50000000000051 0.00186278 0.00764435 0.990493 1
6.60000000000054 0.00177724 0.004859 0.993364 1
6.70000000000057 0.000373122 0.00291957 0.996707 1
6.80000000000061 0.000361455 0.00066828 0.99897 1
6.90000000000064 0.00469874 0.00414151 0.99116 1
7.00000000000067 0.00461031 0.00643349 0.988956 1
7.10000000000071 0.00342439 0.00830521 0.98827 1
7.20000000000074 0.00231865 0.00540454 0.992277 1
7.30000000000077 0.00296306 0.00751005 0.989527 1
7.40000000000081 0.00292418 0.00956521 0.987511 1
7.50000000000084 0.00198622 0.00583913 0.992175 1
7.60000000000087 0.000222649 0.00159451 0.998183 1
7.70000000000091 0.000408082 0.0015431 0.998049 1
7.80000000000094 0.000502614 0.00165996 0.997837 1
7.90000000000097 0.000618971 0.000799061 0.998582 1
8.00000000000101 0.00100463 0.00203276 0.996963 1
8.10000000000095 0.000296119 0.00145893 0.998245 1
8.20000000000089 0.000598696 0.000773327 0.998628 1
8.30000000000084 0.000190698 0.0004928 0.999317 1
8.40000000000078 0.00229607 0.00247026 0.995234 1
8.50000000000073 0.0125397 0.00866499 0.978795 1
8.60000000000067 0.0525375 0.02361 0.923853 1
8.70000000000062 0.00403706 0.0120848 0.983878 1
8.80000000000056 0.0194759 0.0326915 0.947833 1
8.90000000000051 0.0123894 0.0369703 0.95064 1
9.00000000000045 0.0503536 0.0895818 0.860065 1
9.1000000000004 0.0260631 0.0980276 0.875909 1
9.20000000000034 0.0133842 0.105283 0.881333 1
9.30000000000028 0.0502738 0.227499 0.722227 1
9.40000000000023 0.024893 0.24319 0.731917 1
9.50000000000017 0.0156959 0.256428 0.727876 1
9.60000000000012 0.0504465 0.455827 0.493726 1
9.70000000000006 0.0250877 0.478422 0.49649 1
9.80000000000001 0.00194509 0.28581 0.712245 1
9.89999999999995 0.00523854 0.296457 0.698305 1
9.9999999999999 0.00226488 0.153239 0.844496 1
10.0999999999998 0.00178903 0.160735 0.837476 1
10.1999999999998 0.0110728 0.331543 0.657385 1
10.2999999999997 0.0358502 0.548379 0.415771 1
10.3999999999997 0.0818864 0.710262 0.207852 1
10.4999999999996 0.148673 0.762898 0.0884296 1
10.5999999999996 0.235086 0.729195 0.035719 1
10.6999999999995 0.339786 0.6449 0.0153137 1
10.7999999999995 0.457331 0.534986 0.00768303 1
10.8999999999994 0.256987 0.728818 0.0141955 1
10.9999999999993 0.0387191 0.908969 0.0523119 1
11.0999999999993 0.0210957 0.920975 0.0579297 1
11.1999999999992 0.00321198 0.846303 0.150485 1
11.2999999999992 0.0148165 0.918711 0.0664725 1
11.3999999999991 0.0106478 0.918111 0.071241 1
11.4999999999991 0.0268436 0.940819 0.0323371 1
11.599999999999 0.0518252 0.9314 0.016775 1
11.699999999999 0.0892042 0.900141 0.010655 1
11.7999999999989 0.0447217 0.938636 0.0166418 1
11.8999999999988 0.00946229 0.938342 0.0521957 1
11.9999999999988 0.0119877 0.933307 0.0547057 1
12.0999999999987 0.0288538 0.945445 0.0257016 1
12.1999999999987 0.0181522 0.950545 0.0313029 1
12.2999999999986 0.0382998 0.945195 0.0165054 1
12.3999999999986 0.0689011 0.920402 0.0106971 1
12.4999999999985 0.114031 0.877684 0.00828469 1
12.5999999999985 0.0538884 0.929923 0.0161888 1
12.6999999999984 0.0922545 0.897321 0.0104245 1
12.7999999999983 0.0482499 0.936659 0.0150908 1
12.8999999999983 0.007995 0.943801 0.0482044 1
12.9999999999982 0.00883332 0.938295 0.0528718 1
13.0999999999982 0.0238049 0.951152 0.0250428 1
13.1999999999981 0.0469793 0.938963 0.0140577 1
13.2999999999981 0.00781486 0.942747 0.0494378 1
13.399999999998 0.00847891 0.937217 0.0543043 1
13.499999999998 0.0105523 0.93209 0.057358 1
13.5999999999979 0.0265943 0.946619 0.0267871 1
13.6999999999978 0.0134995 0.94951 0.0369909 1
13.7999999999978 0.0110397 0.94647 0.0424904 1
13.8999999999977 0.0272511 0.951814 0.0209353 1
13.9999999999977 0.0158282 0.95573 0.0284421 1
14.0999999999976 0.0141338 0.953108 0.0327584 1
14.1999999999976 0.00514749 0.818241 0.176612 1
14.2999999999975 0.00450753 0.817741 0.177752 1
14.3999999999975 0.00131531 0.647527 0.351157 1
14.4999999999974 0.0111803 0.816732 0.172088 1
14.5999999999973 0.0286841 0.895355 0.0759613 1
14.6999999999973 0.0144665 0.902108 0.0834253 1
14.7999999999972 0.0331783 0.929612 0.0372096 1
14.8999999999972 0.0617628 0.919683 0.0185539 1
14.9999999999971 0.104044 0.884734 0.0112216 1
15.0999999999971 0.0498436 0.931551 0.0186058 1
15.199999999997 0.0297511 0.947361 0.0228878 1
15.299999999997 0.0169932 0.952831 0.0301759 1
15.3999999999969 0.0364969 0.947399 0.0161037 1
15.4999999999968 0.0179729 0.955675 0.026352 1
15.5999999999968 0.0123505 0.954554 0.0330951 1
15.6999999999967 0.00983786 0.950562 0.0395999 1
15.7999999999967 0.00243568 0.887569 0.109996 1
15.8999999999966 0.0135226 0.937769 0.0487085 1
15.9999999999966 0.0312651 0.945408 0.0233268 1
16.0999999999967 0.0195521 0.951663 0.0287852 1
16.1999999999968 0.012853 0.951578 0.035569 1
16.2999999999969 0.00539085 0.905106 0.089503 1
16.3999999999971 0.0184055 0.941619 0.0399751 1
16.4999999999972 0.038861 0.941291 0.0198483 1
16.5999999999973 0.0247279 0.95106 0.0242123 1
16.6999999999974 0.0484112 0.937843 0.0137457 1
16.7999999999975 0.0087979 0.947022 0.0441801 1
16.8999999999977 0.00856525 0.941685 0.0497494 1
16.9999999999978 0.00650463 0.935901 0.057594 1
17.0999999999979 0.020115 0.952911 0.0269736 1
17.199999999998 0.0413223 0.943829 0.0148488 1
17.2999999999982 0.0211733 0.955397 0.0234297 1
17.3999999999983 0.0140888 0.955969 0.0299423 1
17.4999999999984 0.0319579 0.951982 0.0160596 1
17.5999999999985 0.0204943 0.958098 0.0214073 1
17.6999999999986 0.0146879 0.958093 0.0272187 1
17.7999999999988 0.00927833 0.954555 0.0361669 1
17.8999999999989 0.0244353 0.957043 0.018522 1
17.999999999999 0.0044323 0.935797 0.0597702 1
18.0999999999991 0.00239997 0.850399 0.147201 1
18.1999999999993 0.013452 0.921506 0.0650416 1
18.2999999999994 0.0313411 0.93886 0.0297991 1
18.3999999999995 0.0587398 0.925485 0.0157751 1
18.4999999999996 0.0994529 0.890301 0.0102462 1
18.5999999999997 0.15775 0.834361 0.00788988 1
18.6999999999999 0.0208785 0.940544 0.0385775 1
18.8 0.0427215 0.938003 0.0192752 1
18.9000000000001 0.0757147 0.912586 0.0116997 1
19.0000000000002 0.124014 0.867374 0.00861152 1
19.1000000000004 0.0186245 0.945501 0.0358747 1
19.2000000000005 0.0139402 0.945228 0.0408318 1
19.3000000000006 0.00686863 0.890888 0.102243 1
19.4000000000007 0.0208998 0.933832 0.0452683 1
19.5000000000008 0.0428775 0.935261 0.0218618 1
19.600000000001 0.0110948 0.929091 0.0598145 1
19.7000000000011 0.0275119 0.944722 0.0277657 1
19.8000000000012 0.0158629 0.949104 0.0350334 1
19.9000000000013 0.0348101 0.9472 0.0179895 1
20.0000000000015 0.0204527 0.955312 0.0242351 1
20.1000000000016 0.0135164 0.955493 0.0309904 1
20.2000000000017 0.0103932 0.952034 0.0375727 1
20.3000000000018 0.0262157 0.954733 0.0190515 1
20.4000000000019 0.0174986 0.957827 0.0246746 1
20.5000000000021 0.0372262 0.948759 0.0140152 1
20.6000000000022 0.0080846 0.94916 0.0427552 1
20.7000000000023 0.0225853 0.956313 0.0211019 1
20.8000000000024 0.0450534 0.94234 0.0126068 1
20.9000000000026 0.078964 0.911816 0.00921978 1
21.0000000000027 0.128537 0.863766 0.00769688 1
21.1000000000028 0.197745 0.795482 0.00677284 1
21.2000000000029 0.288353 0.705679 0.00596769 1
21.300000000003 0.397454 0.597418 0.00512805 1
21.4000000000032 0.516293 0.479454 0.00425304 1
21.5000000000033 0.101146 0.873805 0.0250496 1
21.6000000000034 0.0496073 0.918979 0.0314135 1
21.7000000000035 0.0282836 0.935684 0.0360326 1
21.8000000000037 0.0541947 0.927615 0.0181903 1
21.9000000000038 0.008889 0.936632 0.0544785 1
22.0000000000039 0.0239378 0.950369 0.0256934 1
22.100000000004 0.0185515 0.951825 0.0296238 1
22.2000000000041 0.00732305 0.916813 0.0758635 1
22.3000000000043 0.0215254 0.944159 0.0343156 1
22.4000000000044 0.0436586 0.938709 0.0176327 1
22.5000000000045 0.0770693 0.911845 0.0110857 1
22.6000000000046 0.0403745 0.943223 0.0164023 1
22.7000000000048 0.0720769 0.917259 0.0106644 1
22.8000000000049 0.0393765 0.945324 0.0152994 1
22.900000000005 0.0705323 0.919201 0.0102667 1
23.0000000000051 0.116421 0.875434 0.00814516 1
23.1000000000052 0.181199 0.811778 0.00702347 1
23.2000000000054 0.267309 0.726522 0.00616919 1
23.3000000000055 0.373019 0.621654 0.00532708 1
23.4000000000056 0.197818 0.790912 0.0112699 1
23.5000000000057 0.0979034 0.88534 0.0167565 1
23.6000000000059 0.156126 0.833644 0.0102299 1
23.700000000006 0.235053 0.757504 0.00744379 1
23.8000000000061 0.117184 0.869955 0.0128611 1
23.9000000000062 0.182716 0.808609 0.00867406 1
24.0000000000063 0.024576 0.939308 0.0361158 1
24.1000000000065 0.0484429 0.933281 0.0182764 1
24.2000000000066 0.0284177 0.948592 0.0229907 1
24.3000000000067 0.0540762 0.932674 0.0132494 1
24.4000000000068 0.0309848 0.95093 0.0180849 1
24.500000000007 0.0187933 0.956848 0.024359 1
24.6000000000071 0.0113905 0.955729 0.0328801 1
24.7000000000072 0.0277509 0.955023 0.0172264 1
24.8000000000073 0.0529129 0.935988 0.011099 1
24.9000000000074 0.0906097 0.900792 0.00859863 1
25.0000000000076 0.145132 0.847483 0.00738456 1
25.1000000000077 0.0242033 0.948997 0.0268002 1
25.2000000000078 0.0176534 0.951069 0.031278 1
25.3000000000079 0.037561 0.945915 0.0165243 1
25.4000000000081 0.00500692 0.932406 0.0625868 1
25.5000000000082 0.0177133 0.953286 0.0290008 1
25.6000000000083 0.0376205 0.946725 0.0156544 1
25.7000000000084 0.021264 0.95638 0.0223562 1
25.8000000000085 0.0430307 0.943877 0.0130926 1
25.9000000000087 0.0759504 0.914633 0.00941704 1
26.0000000000088 0.124212 0.867994 0.00779452 1
26.1000000000089 0.0621499 0.924928 0.0129222 1
26.200000000009 0.0288311 0.947685 0.0234843 1
26.3000000000092 0.0198116 0.952164 0.028024 1
26.4000000000093 0.0408729 0.943873 0.0152543 1
26.5000000000094 0.0240442 0.955141 0.0208149 1
26.6000000000095 0.0122941 0.956019 0.0316868 1
26.7000000000096 0.0136875 0.951143 0.0351699 1
26.8000000000098 0.0313849 0.950544 0.0180708 1
26.9000000000099 0.0584851 0.930142 0.0113734 1
27.00000000001 0.0283136 0.951322 0.0203639 1
27.1000000000101 0.0538459 0.933892 0.0122625 1
27.2000000000103 0.0102839 0.950843 0.0388733 1
27.3000000000104 0.00205332 0.889319 0.108627 1
27.4000000000105 0.00590875 0.884187 0.109904 1
27.5000000000106 0.00799926 0.881166 0.110835 1
27.6000000000107 0.0105076 0.878944 0.110549 1
27.7000000000109 0.0269673 0.924373 0.0486599 1
27.800000000011 0.0160348 0.929608 0.0543573 1
27.9000000000111 0.0353243 0.939176 0.0254995 1
28.0000000000112 0.0647102 0.921186 0.0141043 1
28.1000000000114 0.108149 0.882267 0.00958356 1
28.2000000000115 0.0515035 0.931271 0.0172254 1
28.3000000000116 0.0887901 0.900358 0.0108516 1
28.4000000000117 0.142717 0.849083 0.00820041 1
28.5000000000118 0.216955 0.776196 0.00684865 1
28.600000000012 0.103952 0.880803 0.0152456 1
28.7000000000121 0.0143224 0.932949 0.0527285 1
28.8000000000122 0.0325773 0.942534 0.024889 1
28.9000000000123 0.060491 0.925602 0.0139065 1
29.0000000000125 0.0297511 0.948183 0.0220662 1
29.1000000000126 0.0560851 0.931035 0.0128801 1
29.2000000000127 0.0953837 0.895401 0.00921499 1
29.3000000000128 0.0463905 0.937418 0.0161919 1
29.4000000000129 0.0811015 0.908378 0.0105202 1
29.5000000000131 0.0120623 0.947856 0.0400821 1
29.6000000000132 0.0288561 0.951157 0.0199868 1
29.7000000000133 0.00802266 0.936521 0.0554562 1
29.8000000000134 0.00531033 0.863716 0.130973 1
29.9000000000136 0.0027063 0.725308 0.271985 1
30.0000000000137 0.0138969 0.859614 0.126489 1
30.1000000000138 0.0327588 0.911859 0.0553817 1
30.2000000000139 0.0616579 0.912768 0.0255738 1
30.300000000014 0.104288 0.881898 0.0138138 1
30.4000000000142 0.164856 0.826024 0.00912041 1
30.5000000000143 0.0815295 0.904144 0.0143265 1
30.6000000000144 0.132578 0.857916 0.0095061 1
30.7000000000145 0.00877949 0.914754 0.076467 1
30.8000000000147 0.0238637 0.941626 0.0345098 1
30.9000000000148 0.0472774 0.935062 0.0176604 1
31.0000000000149 0.0824846 0.906466 0.011049 1
31.100000000015 0.0379641 0.940791 0.0212452 1
31.2000000000151 0.0223276 0.950812 0.0268607 1
31.3000000000153 0.0447383 0.940492 0.0147697 1
31.4000000000154 0.0258804 0.953925 0.0201944 1
31.5000000000155 0.0500861 0.937698 0.0122156 1
31.6000000000156 0.0864431 0.904536 0.00902087 1
31.7000000000158 0.139227 0.853212 0.0075613 1
31.8000000000159 0.212192 0.781156 0.00665125 1
31.900000000016 0.306453 0.687701 0.00584566 1
32.0000000000161 0.152543 0.831645 0.0158121 1
32.1000000000159 0.231002 0.759599 0.00939939 1
32.2000000000157 0.330108 0.663264 0.00662861 1
32.3000000000154 0.168706 0.816865 0.0144298 1
32.4000000000152 0.252149 0.739065 0.00878655 1
32.500000000015 0.355552 0.638162 0.00628645 1
32.6000000000147 0.47234 0.52279 0.00487052 1
32.7000000000145 0.0824935 0.878354 0.0391526 1
32.8000000000143 0.135764 0.845674 0.0185619 1
32.900000000014 0.0621888 0.908721 0.0290899 1
33.0000000000138 0.030182 0.932722 0.0370962 1
33.1000000000136 0.0571232 0.924327 0.0185498 1
33.2000000000133 0.097188 0.891542 0.0112703 1
33.3000000000131 0.0463471 0.934598 0.0190552 1
33.4000000000129 0.0811357 0.907297 0.0115669 1
33.5000000000126 0.0148866 0.947106 0.0380074 1
33.6000000000124 0.033267 0.947606 0.0191275 1
33.7000000000122 0.0613534 0.926916 0.0117302 1
33.8000000000119 0.0295913 0.949805 0.0206039 1
33.9000000000117 0.0155727 0.954662 0.0297656 1
34.0000000000115 0.0137561 0.952094 0.0341501 1
34.1000000000112 0.0114902 0.949051 0.0394588 1
34.200000000011 0.0279141 0.952347 0.0197391 1
34.3000000000108 0.0531817 0.934805 0.0120136 1
34.4000000000105 0.0030114 0.891071 0.105917 1
34.5000000000103 0.0144233 0.938652 0.0469248 1
34.6000000000101 0.0326322 0.944774 0.0225937 1
34.7000000000098 0.0604781 0.926494 0.0130283 1
34.8000000000096 0.0336592 0.94846 0.017881 1
34.9000000000094 0.00425075 0.765373 0.230376 1
35.0000000000091 0.0166754 0.878716 0.104609 1
35.1000000000089 0.037022 0.91706 0.0459176 1
35.2000000000087 0.0679391 0.910245 0.0218157 1
35.3000000000084 0.113309 0.874343 0.0123484 1
35.4000000000082 0.0540357 0.926188 0.0197759 1
35.500000000008 0.0083795 0.932303 0.059317 1
35.6000000000077 0.0230786 0.949328 0.027593 1
35.7000000000075 0.0138105 0.951196 0.0349936 1
35.8000000000073 0.0315206 0.950506 0.0179735 1
35.900000000007 0.058643 0.930047 0.0113104 1
36.0000000000068 0.0323036 0.951149 0.0165472 1
36.1000000000066 0.0597958 0.929433 0.010771 1
36.2000000000063 0.100719 0.890884 0.00839632 1
36.3000000000061 0.0156125 0.951192 0.0331957 1
36.4000000000059 0.00215619 0.811081 0.186763 1
36.5000000000056 0.00570188 0.639224 0.355074 1
36.6000000000054 0.0197806 0.80634 0.17388 1
36.7000000000052 0.0434157 0.880286 0.0762986 1
36.8000000000049 0.0789802 0.88745 0.0335702 1
36.9000000000047 0.130221 0.853245 0.0165338 1
37.0000000000045 0.200985 0.789175 0.00983964 1
37.1000000000042 0.292923 0.700095 0.00698175 1
37.200000000004 0.149747 0.837994 0.0122588 1
37.3000000000038 0.226828 0.764985 0.00818652 1
37.4000000000035 0.0121691 0.918595 0.0692362 1
37.5000000000033 0.0292405 0.939284 0.0314752 1
37.6000000000031 0.0554896 0.928104 0.0164064 1
37.7000000000028 0.0121848 0.939648 0.0481673 1
37.8000000000026 0.0136299 0.935765 0.0506052 1
37.9000000000024 0.0313854 0.944579 0.0240354 1
38.0000000000021 0.0585866 0.927843 0.0135701 1
38.1000000000019 0.0990717 0.89151 0.00941826 1
38.2000000000017 0.0444941 0.93438 0.0211256 1
38.3000000000014 0.0784017 0.909262 0.0123358 1
38.4000000000012 0.127903 0.8633 0.0087965 1
38.500000000001 0.196986 0.795864 0.00715009 1
38.6000000000007 0.287455 0.706438 0.00610727 1
38.7000000000005 0.145994 0.842406 0.0115995 1
38.8000000000003 0.0215877 0.935345 0.0430672 1
38.9 0.00167558 0.765544 0.23278 1
38.9999999999998 0.0119399 0.882045 0.106015 1
39.0999999999996 0.029208 0.924141 0.0466507 1
39.1999999999993 0.0050534 0.872156 0.122791 1
39.2999999999991 0.0178202 0.928093 0.0540871 1
39.3999999999989 0.038072 0.936609 0.025319 1
39.4999999999986 0.0180252 0.945862 0.0361129 1
39.5999999999984 0.0104089 0.94481 0.0447812 1
39.6999999999982 0.00269015 0.877953 0.119357 1
39.7999999999979 0.00481213 0.745087 0.250101 1
39.8999999999977 0.00979903 0.747764 0.242437 1
39.9999999999975 0.0267786 0.862913 0.110308 1
40.0999999999972 0.0189621 0.870401 0.110637 1
40.199999999997 0.00348357 0.754296 0.242221 1
40.2999999999968 0.0152309 0.874064 0.110705 1
40.3999999999965 0.00910304 0.875657 0.11524 1
40.4999999999963 0.0245616 0.924767 0.0506714 1
40.5999999999961 0.0129455 0.92818 0.0588742 1
40.6999999999958 0.00935935 0.926098 0.0645427 1
40.7999999999956 0.0246388 0.945724 0.0296376 1
40.8999999999954 0.0483029 0.935942 0.0157548 1
40.9999999999951 0.02439 0.951761 0.0238487 1
41.0999999999949 0.0132167 0.953786 0.0329978 1
41.1999999999947 0.0305147 0.952295 0.0171898 1
41.2999999999944 0.00929448 0.943205 0.0475008 1
41.3999999999942 0.00578045 0.878954 0.115266 1
41.499999999994 0.0189975 0.930205 0.0507977 1
41.5999999999937 0.0398638 0.93614 0.0239961 1
41.6999999999935 0.0714825 0.915076 0.0134412 1
41.7999999999933 0.117935 0.872822 0.00924251 1
41.899999999993 0.18336 0.809269 0.0073705 1
41.9999999999928 0.270128 0.723606 0.00626594 1
42.0999999999926 0.376349 0.61829 0.00536083 1
42.1999999999924 0.494282 0.501225 0.00449344 1
42.2999999999921 0.28036 0.703537 0.0161036 1
42.3999999999919 0.390272 0.601265 0.00846317 1
42.4999999999917 0.509659 0.48498 0.00536144 1
42.5999999999914 0.62646 0.369691 0.00384932 1
42.6999999999912 0.402109 0.586747 0.0111443 1
42.799999999991 0.52262 0.471274 0.00610575 1
42.8999999999907 0.304992 0.678897 0.0161109 1
42.9999999999905 0.418625 0.573091 0.00828414 1
43.0999999999903 0.538771 0.456075 0.0051541 1
43.19999999999 0.653164 0.343173 0.00366256 1
43.2999999999898 0.157808 0.810618 0.0315734 1
43.3999999999896 0.0243462 0.885371 0.0902831 1
43.4999999999893 0.0491452 0.911159 0.0396962 1
43.5999999999891 0.0250705 0.928511 0.0464187 1
43.6999999999889 0.0493125 0.928514 0.0221736 1
43.7999999999886 0.0242826 0.945053 0.0306644 1
43.8999999999884 0.0477441 0.936121 0.0161349 1
43.9999999999882 0.0830356 0.906531 0.0104332 1
44.0999999999879 0.0421739 0.94164 0.0161857 1
44.1999999999877 0.0746719 0.914824 0.0105043 1
44.2999999999875 0.12236 0.869494 0.00814594 1
44.3999999999872 0.189321 0.803732 0.0069467 1
44.499999999987 0.0888055 0.89473 0.0164641 1
44.5999999999868 0.0144319 0.935927 0.0496414 1
44.6999999999865 0.0054114 0.874232 0.120357 1
44.7999999999863 0.00638951 0.74383 0.249781 1
44.8999999999861 0.0205365 0.865096 0.114368 1
44.9999999999858 0.0135239 0.870249 0.116227 1
45.0999999999856 0.00993864 0.871795 0.118266 1
45.1999999999854 0.00476829 0.745289 0.249943 1
45.2999999999851 0.00670561 0.748784 0.24451 1
45.3999999999849 0.0210859 0.867305 0.11161 1
45.4999999999847 0.00426165 0.75116 0.244579 1
45.5999999999844 0.00306556 0.55812 0.438815 1
45.6999999999842 0.00391396 0.566885 0.429201 1
45.799999999984 0.00735501 0.57562 0.417025 1
45.8999999999837 0.0234134 0.763077 0.213509 1
45.9999999999835 0.0505177 0.854652 0.0948307 1
46.0999999999833 0.0281047 0.874312 0.097583 1
46.199999999983 0.0147586 0.882321 0.10292 1
46.2999999999828 0.00331559 0.769978 0.226706 1
46.3999999999826 0.00207224 0.581171 0.416756 1
46.4999999999823 0.00126547 0.367935 0.630799 1
46.5999999999821 0.00979583 0.597837 0.392367 1
46.6999999999819 0.00319619 0.38842 0.608384 1
46.7999999999816 0.0038187 0.399336 0.596845 1
46.8999999999814 0.0162792 0.625516 0.358205 1
46.9999999999812 0.00894283 0.636906 0.354151 1
47.0999999999809 0.00623247 0.645571 0.348196 1
47.1999999999807 0.0206813 0.80971 0.169608 1
47.2999999999805 0.0447642 0.880987 0.0742491 1
47.3999999999802 0.0237604 0.897316 0.078924 1
47.49999999998 0.0479139 0.917024 0.0350618 1
47.5999999999798 0.0840692 0.898466 0.0174645 1
47.6999999999795 0.136374 0.853067 0.0105583 1
47.7999999999793 0.208646 0.783681 0.00767342 1
47.8999999999791 0.302184 0.691624 0.00619204 1
47.9999999999788 0.413309 0.581539 0.00515242 1
48.0999999999786 0.220365 0.763222 0.0164135 1
48.1999999999784 0.0319933 0.912112 0.0558945 1
48.2999999999781 0.015935 0.919998 0.0640665 1
48.3999999999779 0.0351196 0.935613 0.0292675 1
48.4999999999777 0.0643677 0.920188 0.0154438 1
48.5999999999774 0.00903982 0.940507 0.0504533 1
48.6999999999772 0.0239497 0.952045 0.0240054 1
48.799999999977 0.0470431 0.939365 0.0135922 1
48.8999999999767 0.0223524 0.953796 0.0238511 1
48.9999999999765 0.0445663 0.941882 0.0135513 1
49.0999999999763 0.0781272 0.912385 0.00948769 1
49.199999999976 0.127251 0.865016 0.00773293 1
49.2999999999758 0.0606021 0.924495 0.0149029 1
49.3999999999756 0.0323933 0.94722 0.0203862 1
49.4999999999753 0.0599254 0.927938 0.0121371 1
49.5999999999751 0.0323435 0.95012 0.0175361 1
49.6999999999749 0.0597672 0.929159 0.0110738 1
49.7999999999746 0.100601 0.89095 0.00844901 1
49.8999999999744 0.159136 0.833673 0.00719147 1
49.9999999999742 0.0784004 0.909234 0.0123652 1
50.0999999999739 0.0395698 0.942014 0.0184163 1
50.1999999999737 0.0245932 0.952524 0.0228831 1
50.2999999999735 0.0479996 0.938846 0.0131542 1
50.3999999999732 0.0243534 0.954542 0.0211051 1
50.499999999973 0.00696813 0.931512 0.0615203 1
50.5999999999728 0.0206553 0.950916 0.0284289 1
50.6999999999725 0.0419973 0.942706 0.0152969 1
50.7999999999723 0.0743175 0.915537 0.0101459 1
50.8999999999721 0.0345217 0.945606 0.0198727 1
50.9999999999718 0.0217575 0.95357 0.0246722 1
51.0999999999716 0.00224777 0.842481 0.155271 1
51.1999999999714 0.00654013 0.840267 0.153192 1
51.2999999999711 0.00662223 0.840141 0.153237 1
51.3999999999709 0.0204534 0.912071 0.0674752 1
51.4999999999707 0.0160148 0.914423 0.069562 1
51.5999999999704 0.0131303 0.914761 0.0721085 1
51.6999999999702 0.0306733 0.936783 0.0325438 1
51.79999999997 0.0576007 0.925674 0.0167252 1
51.8999999999697 0.0976775 0.891802 0.0105202 1
51.9999999999695 0.0499275 0.934634 0.0154386 1
52.0999999999693 0.025417 0.951591 0.0229918 1
52.199999999969 0.00762901 0.929689 0.0626816 1
52.2999999999688 0.0217098 0.949419 0.0288715 1
52.3999999999686 0.0126028 0.950623 0.0367747 1
52.4999999999683 0.0294655 0.951941 0.018594 1
52.5999999999681 0.0553708 0.933147 0.0114826 1
52.6999999999679 0.00885693 0.949857 0.0412857 1
52.7999999999676 0.00853061 0.944705 0.0467643 1
52.8999999999674 0.00297635 0.876858 0.120166 1
52.9999999999672 0.00139377 0.325719 0.672887 1
53.0999999999669 0.00986249 0.553139 0.436999 1
53.1999999999667 0.0288136 0.744387 0.226799 1
53.2999999999665 0.0152841 0.757801 0.226915 1
53.3999999999662 0.0363379 0.861671 0.101991 1
53.499999999966 0.0194562 0.874635 0.105909 1
53.5999999999658 0.00731726 0.764739 0.227944 1
53.6999999999655 0.00558933 0.768198 0.226213 1
53.7999999999653 0.00982336 0.770438 0.219739 1
53.8999999999651 0.0075064 0.77499 0.217503 1
53.9999999999648 0.00385902 0.593444 0.402697 1
54.0999999999646 0.00442075 0.601689 0.39389 1
54.1999999999644 0.017112 0.784283 0.198605 1
54.2999999999642 0.0390896 0.872893 0.0880175 1
54.3999999999639 0.0725057 0.889175 0.0383192 1
54.4999999999637 0.0365397 0.91941 0.0440506 1
54.5999999999635 0.0669723 0.912007 0.0210206 1
54.6999999999632 0.111719 0.876291 0.0119899 1
54.799999999963 0.0549217 0.927261 0.0178171 1
54.8999999999628 0.00994301 0.937592 0.0524648 1
54.9999999999625 0.00691418 0.933082 0.0600038 1
55.0999999999623 0.00523158 0.926997 0.0677712 1
55.1999999999621 0.00213907 0.83692 0.160941 1
55.2999999999618 0.012681 0.916126 0.0711933 1
55.3999999999616 0.0299018 0.93793 0.0321679 1
55.4999999999614 0.0190603 0.944132 0.036808 1
55.5999999999611 0.0148826 0.944313 0.0408046 1
55.6999999999609 0.0330792 0.946818 0.0201033 1
55.7999999999607 0.0609102 0.927096 0.0119942 1
55.8999999999604 0.10229 0.888963 0.0087478 1
55.9999999999602 0.161503 0.831234 0.00726301 1
56.09999999996 0.0788939 0.908303 0.012803 1
56.1999999999597 0.0368689 0.941233 0.0218979 1
56.2999999999595 0.0667376 0.92064 0.0126221 1
56.3999999999593 0.0311553 0.946564 0.0222808 1
56.499999999959 0.021351 0.952376 0.0262727 1
56.5999999999588 0.0429863 0.942572 0.0144416 1
56.6999999999586 0.0109273 0.947143 0.0419297 1
56.7999999999583 0.00558757 0.889461 0.104951 1
56.8999999999581 0.0184775 0.935192 0.0463306 1
56.9999999999579 0.0154362 0.935302 0.0492621 1
57.0999999999576 0.0121651 0.934399 0.0534364 1
57.1999999999574 0.0121262 0.931594 0.0562798 1
57.2999999999572 0.0101704 0.929275 0.0605548 1
57.3999999999569 0.00983201 0.92608 0.0640878 1
57.4999999999567 0.00960954 0.922912 0.0674782 1
57.5999999999565 0.0248868 0.944383 0.0307307 1
57.6999999999562 0.0179836 0.947356 0.0346605 1
57.799999999956 0.0378585 0.944463 0.0176787 1
57.8999999999558 0.0680904 0.920875 0.0110349 1
57.9999999999555 0.0316186 0.947457 0.0209247 1
58.0999999999553 0.0218703 0.953333 0.024797 1
58.1999999999551 0.00548989 0.924815 0.0696948 1
58.2999999999548 0.018208 0.950076 0.031716 1
58.3999999999546 0.0381609 0.945294 0.0165452 1
58.4999999999544 0.0685066 0.920884 0.0106093 1
58.5999999999541 0.113322 0.878503 0.00817444 1
58.6999999999539 0.176815 0.816211 0.00697413 1
58.7999999999537 0.261612 0.73225 0.0061381 1
58.8999999999534 0.131396 0.857159 0.0114455 1
58.9999999999532 0.201956 0.790057 0.0079867 1
59.099999999953 0.094413 0.886843 0.018744 1
59.1999999999527 0.151208 0.837911 0.0108807 1
59.2999999999525 0.228547 0.763809 0.00764423 1
59.3999999999523 0.326782 0.667178 0.00603995 1
59.499999999952 0.440855 0.554175 0.00496927 1
59.5999999999518 0.560171 0.435743 0.00408544 1
59.6999999999516 0.672014 0.324663 0.0033236 1
59.7999999999513 0.766551 0.230752 0.00269767 1
59.8999999999511 0.839708 0.158074 0.00221815 1
59.9999999999509 0.674668 0.317444 0.00788741 1
60.0999999999506 0.770239 0.225862 0.00389845 1
60.1999999999504 0.842884 0.154604 0.00251235 1
60.2999999999502 0.894879 0.103183 0.00193755 1
60.3999999999499 0.930418 0.0679348 0.00164727 1
60.4999999999497 0.953925 0.0445948 0.00148017 1
60.5999999999495 0.969132 0.02949 0.0013782 1
60.6999999999492 0.978826 0.0198589 0.00131483 1
60.799999999949 0.984949 0.0137761 0.00127538 1
60.8999999999488 0.952286 0.0377314 0.0099826 1
60.9999999999485 0.886433 0.0894274 0.02414 1
61.0999999999483 0.933115 0.0597908 0.00709423 1
61.1999999999481 0.957765 0.0394625 0.00277206 1
61.2999999999478 0.97209 0.0262352 0.00167526 1
61.3999999999476 0.980813 0.0178068 0.00137997 1
61.4999999999474 0.98622 0.0124913 0.00128883 1
61.5999999999471 0.989588 0.00915816 0.0012542 1
61.6999999999469 0.969063 0.0250706 0.00586675 1
61.7999999999467 0.980503 0.0171245 0.00237267 1
61.8999999999464 0.986404 0.0120736 0.00152291 1
61.9999999999462 0.989789 0.00890092 0.00131002 1
62.099999999946 0.99183 0.00691798 0.00125234 1
62.1999999999457 0.96825 0.021551 0.010199 1
62.2999999999455 0.981658 0.014945 0.00339711 1
62.3999999999453 0.790365 0.126819 0.0828157 1
62.499999999945 0.887245 0.0897168 0.0230384 1
62.5999999999448 0.933233 0.059942 0.00682505 1
62.6999999999446 0.957725 0.0395615 0.00271397 1
62.7999999999443 0.972025 0.0263066 0.00166834 1
62.8999999999441 0.980753 0.0178615 0.00138522 1
62.9999999999439 0.986168 0.0125354 0.00129694 1
63.0999999999436 0.989541 0.00919567 0.00126294 1
63.1999999999434 0.960727 0.0274967 0.0117758 1
63.2999999999432 0.977447 0.0187532 0.00380008 1
63.3999999999429 0.985009 0.0131201 0.00187102 1
63.4999999999427 0.989031 0.00956772 0.00140112 1
63.5999999999425 0.991374 0.0073442 0.00128192 1
63.6999999999422 0.992794 0.00595713 0.00124869 1
63.799999999942 0.976135 0.0175904 0.0062746 1
63.8999999999418 0.985132 0.012412 0.00245596 1
63.9999999999415 0.98933 0.00913076 0.00153894 1
64.099999999942 0.99161 0.00707493 0.00131515 1
64.1999999999425 0.99295 0.00579234 0.00125778 1
64.299999999943 0.993765 0.00499383 0.00124146 1
64.3999999999434 0.994267 0.00449737 0.001236 1
64.4999999999439 0.994577 0.00418909 0.00123384 1
64.5999999999444 0.982166 0.0126715 0.00516277 1
64.6999999999449 0.988505 0.00931365 0.00218102 1
64.7999999999454 0.991335 0.00719585 0.00146912 1
64.8999999999458 0.992831 0.00587211 0.00129682 1
64.9999999999463 0.993699 0.00504745 0.00125341 1
65.0999999999468 0.994224 0.00453459 0.00124151 1
65.1999999999473 0.994546 0.00421604 0.00123778 1
65.2999999999477 0.994745 0.00401845 0.00123646 1
65.3999999999482 0.994868 0.00389611 0.00123599 1
65.4999999999487 0.994944 0.00382056 0.00123592 1
65.5999999999492 0.99499 0.0037741 0.00123605 1
65.6999999999497 0.983868 0.011383 0.00474932 1
65.7999999999501 0.989408 0.00850861 0.0020834 1
65.8999999999506 0.991854 0.00669834 0.00144786 1
65.9999999999511 0.993138 0.00556756 0.00129433 1
66.0999999999516 0.993881 0.00486338 0.00125579 1
66.199999999952 0.911464 0.0496326 0.0389034 1
66.2999999999525 0.802104 0.111971 0.0859244 1
66.399999999953 0.89714 0.0791149 0.0237451 1
66.4999999999535 0.940183 0.0528543 0.00696303 1
66.599999999954 0.962283 0.0349783 0.00273831 1
66.6999999999544 0.902525 0.0855945 0.0118803 1
66.7999999999549 0.939272 0.05668 0.00404829 1
66.8999999999554 0.960571 0.0373794 0.00204958 1
66.9999999999559 0.97356 0.0249208 0.00151903 1
67.0999999999563 0.981634 0.0170047 0.00136102 1
67.1999999999568 0.986678 0.0120184 0.00130374 1
67.2999999999573 0.989828 0.0088937 0.00127786 1
67.3999999999578 0.991794 0.00694192 0.00126416 1
67.4999999999582 0.993018 0.00572528 0.00125628 1
67.5999999999587 0.974265 0.0178253 0.00791011 1
67.6999999999592 0.98455 0.0125922 0.00285761 1
67.7999999999597 0.98909 0.00926398 0.00164629 1
67.8999999999602 0.991471 0.00717655 0.0013529 1
67.9999999999606 0.992847 0.00587369 0.00127898 1
68.0999999999611 0.993679 0.00506229 0.00125861 1
68.1999999999616 0.99419 0.0045576 0.00125204 1
68.2999999999621 0.994507 0.00424399 0.00124947 1
68.3999999999625 0.994702 0.00404932 0.00124831 1
68.499999999963 0.994824 0.00392863 0.00124779 1
68.5999999999635 0.994898 0.00385393 0.00124759 1
68.699999999964 0.994945 0.00380784 0.00124758 1
68.7999999999645 0.994973 0.00377952 0.00124769 1
68.8999999999649 0.99499 0.00376224 0.00124786 1
68.9999999999654 0.995 0.00375182 0.00124807 1
69.0999999999659 0.984978 0.0108705 0.00415178 1
69.1999999999664 0.989853 0.00819751 0.0019499 1
69.2999999999668 0.992059 0.00651685 0.00142463 1
69.3999999999673 0.993235 0.0054675 0.00129725 1
69.4999999999678 0.993921 0.00481405 0.00126494 1
69.5999999999683 0.975415 0.0159357 0.00864927 1
69.6999999999688 0.985556 0.011412 0.00303189 1
69.7999999999692 0.989779 0.00853229 0.00168853 1
69.8999999999697 0.991908 0.00672638 0.00136524 1
69.9999999999702 0.993116 0.00559949 0.00128497 1
70.0999999999707 0.993839 0.0048978 0.00126349 1
70.1999999999711 0.994282 0.00446136 0.00125686 1
70.2999999999716 0.994555 0.00419013 0.00125438 1
70.3999999999721 0.994725 0.00402172 0.00125328 1
70.4999999999726 0.89191 0.0471541 0.0609356 1
70.5999999999731 0.95109 0.0326276 0.0162827 1
70.6999999999735 0.972937 0.0221353 0.00492769 1
70.799999999974 0.982537 0.0152948 0.00216811 1
70.8999999999745 0.947935 0.0409898 0.0110755 1
70.999999999975 0.968879 0.0274215 0.00369954 1
71.0999999999754 0.979481 0.0186264 0.00189207 1
71.1999999999759 0.985505 0.0130536 0.00144109 1
71.2999999999764 0.956495 0.0352908 0.00821396 1
71.3999999999769 0.973299 0.0237087 0.00299263 1
71.4999999999773 0.982016 0.0162687 0.00171488 1
71.5999999999778 0.987035 0.0115717 0.00139373 1
71.6999999999783 0.990066 0.00862724 0.00130632 1
71.7999999999788 0.991933 0.00678805 0.00127847 1
71.8999999999793 0.993091 0.00564156 0.00126742 1
71.9999999999797 0.99381 0.00492776 0.00126205 1
72.0999999999802 0.994257 0.00448372 0.00125911 1
72.1999999999807 0.994535 0.00420768 0.0012574 1
72.2999999999812 0.994707 0.00403616 0.0012564 1
72.3999999999816 0.994815 0.00392965 0.00125582 1
72.4999999999821 0.994881 0.00386356 0.0012555 1
72.5999999999826 0.994922 0.0038226 0.00125534 1
72.6999999999831 0.994947 0.00379726 0.00125528 1
72.7999999999836 0.974507 0.014405 0.0110883 1
72.899999999984 0.985918 0.0104697 0.00361231 1
72.9999999999845 0.990222 0.0079513 0.00182662 1
73.099999999985 0.99223 0.00637005 0.00139997 1
73.1999999999855 0.993321 0.00538311 0.0012959 1
73.2999999999859 0.993962 0.00476846 0.00126907 1
73.3999999999864 0.994353 0.00438605 0.0012613 1
73.4999999999869 0.994593 0.00414828 0.00125856 1
73.5999999999874 0.994742 0.0040005 0.00125737 1
73.6999999999879 0.980849 0.0128625 0.00628888 1
73.7999999999883 0.988067 0.00946723 0.00246626 1
73.8999999999888 0.966722 0.0253608 0.00791679 1
73.9999999999893 0.666847 0.181616 0.151537 1
74.0999999999898 0.815855 0.13923 0.0449148 1
74.1999999999902 0.891412 0.0957871 0.0128011 1
74.2999999999907 0.93211 0.0635662 0.00432403 1
74.3999999999912 0.837072 0.14636 0.0165676 1
74.4999999999917 0.895938 0.0985865 0.00547557 1
74.5999999999922 0.771055 0.213691 0.015254 1
74.6999999999926 0.847526 0.147039 0.00543501 1
74.7999999999931 0.681299 0.298349 0.0203524 1
74.8999999999936 0.779819 0.212968 0.00721344 1
74.9999999999941 0.248696 0.673372 0.0779319 1
75.0999999999945 0.364671 0.6056 0.0297286 1
75.199999999995 0.487843 0.500036 0.012121 1
75.2999999999955 0.607848 0.386197 0.00595493 1
75.399999999996 0.714131 0.282202 0.00366684 1
75.4999999999964 0.800033 0.1973 0.0026666 1
75.5999999999969 0.613593 0.377433 0.00897381 1
75.6999999999974 0.391306 0.591718 0.0169764 1
75.7999999999979 0.20806 0.764711 0.027229 1
75.8999999999984 0.304602 0.682653 0.0127452 1
75.9999999999988 0.150149 0.82397 0.0258806 1
76.0999999999993 0.228977 0.75817 0.0128529 1
76.1999999999998 0.0316634 0.919042 0.0492947 1
76.3000000000003 0.0594842 0.917439 0.0230767 1
76.4000000000007 0.0297342 0.94027 0.0299957 1
76.5000000000012 0.0559661 0.928326 0.0157077 1
76.6000000000017 0.0951083 0.894787 0.0101044 1
76.7000000000022 0.0431918 0.93624 0.0205683 1
76.8000000000027 0.0762013 0.911779 0.0120194 1
76.9000000000031 0.124543 0.866864 0.00859327 1
77.0000000000036 0.0177159 0.948819 0.0334649 1
77.1000000000041 0.00430337 0.807292 0.188405 1
77.2000000000046 0.00407697 0.807408 0.188515 1
77.300000000005 0.0159743 0.90007 0.0839559 1
77.4000000000055 0.00414708 0.803458 0.192395 1
77.500000000006 0.016104 0.898088 0.0858076 1
77.6000000000065 0.0116267 0.899707 0.0886663 1
77.700000000007 0.00867223 0.898931 0.0923966 1
77.8000000000074 0.0234412 0.935637 0.0409222 1
77.9000000000079 0.00427816 0.887893 0.107829 1
78.0000000000084 0.0162113 0.936227 0.047562 1
78.1000000000089 0.011558 0.935812 0.05263 1
78.2000000000093 0.0278251 0.947437 0.0247378 1
78.3000000000098 0.0163434 0.952391 0.0312652 1
78.4000000000103 0.0351663 0.948471 0.0163631 1
78.5000000000108 0.00792075 0.942731 0.0493483 1
78.6000000000112 0.00322755 0.871816 0.124957 1
78.7000000000117 0.0144592 0.930549 0.0549914 1
78.8000000000122 0.0137524 0.928964 0.0572833 1
78.9000000000127 0.001531 0.712974 0.285495 1
79.0000000000132 0.00547918 0.716621 0.2779 1
79.1000000000136 0.0187448 0.851908 0.129348 1
79.2000000000141 0.0405583 0.903141 0.0563006 1
79.3000000000146 0.073531 0.900827 0.0256419 1
79.4000000000151 0.121557 0.864869 0.0135739 1
79.5000000000155 0.0187556 0.936142 0.045102 1
79.600000000016 0.0391643 0.939169 0.0216664 1
79.7000000000165 0.022234 0.950407 0.0273591 1
79.800000000017 0.0443013 0.940896 0.014803 1
79.9000000000175 0.00810637 0.94134 0.0505535 1
80.0000000000179 0.0222895 0.953727 0.0239833 1
80.1000000000184 0.0443245 0.94215 0.013525 1
80.2000000000189 0.00753317 0.947406 0.0450606 1
80.3000000000194 0.0111722 0.941218 0.0476096 1
80.4000000000198 0.00886876 0.937866 0.0532656 1
80.5000000000203 0.0235289 0.95143 0.0250411 1
80.6000000000208 0.014575 0.953922 0.0315026 1
80.7000000000213 0.00638362 0.911271 0.0823459 1
80.8000000000218 0.00638677 0.907211 0.0864019 1
80.9000000000222 0.0196603 0.941838 0.0385017 1
81.0000000000227 0.0112767 0.942385 0.046338 1
81.1000000000232 0.0273298 0.950396 0.0222743 1
81.2000000000237 0.052078 0.935095 0.0128274 1
81.3000000000241 0.0892025 0.901709 0.00908845 1
81.4000000000246 0.142998 0.849554 0.00744808 1
81.5000000000251 0.0174842 0.942412 0.0401038 1
81.6000000000256 0.00333407 0.886071 0.110595 1
81.7000000000261 0.00745747 0.882025 0.110517 1
81.8000000000265 0.0113542 0.879409 0.109237 1
81.900000000027 0.0104489 0.879612 0.109939 1
82.0000000000275 0.00508643 0.760403 0.23451 1
82.100000000028 0.00562481 0.763519 0.230856 1
82.2000000000284 0.0188611 0.876476 0.104663 1
82.3000000000289 0.0403281 0.913923 0.0457493 1
82.4000000000294 0.0241008 0.926479 0.0494202 1
82.5000000000299 0.0476691 0.929069 0.0232622 1
82.6000000000303 0.0830701 0.90395 0.01298 1
82.7000000000308 0.0422651 0.93932 0.0184144 1
82.8000000000313 0.0212391 0.951963 0.0267982 1
82.9000000000318 0.00454122 0.919733 0.0757256 1
83.0000000000323 0.0166135 0.949222 0.0341645 1
83.1000000000327 0.00964168 0.947514 0.042844 1
83.2000000000332 0.00765483 0.94281 0.0495349 1
83.3000000000337 0.0215728 0.954832 0.0235957 1
83.4000000000342 0.043217 0.943391 0.0133924 1
83.5000000000346 0.0759811 0.914644 0.00937505 1
83.6000000000351 0.124062 0.868287 0.00765148 1
83.7000000000356 0.0615916 0.925654 0.0127543 1
