0 0.95 4.16333634234434E-17 0.05
0.002 0.95 4.16333634234434E-17 0.05
0.004 0.95 4.16333634234434E-17 0.05
0.006 0.95 4.16333634234434E-17 0.05
0.008 0.95 4.16333634234434E-17 0.05
0.01 0.95 4.16333634234434E-17 0.05
0.012 0.95 4.16333634234434E-17 0.05
0.014 0.95 4.16333634234434E-17 0.05
0.016 0.95 4.16333634234434E-17 0.05
0.018 0.95 4.16333634234434E-17 0.05
0.02 0.95 4.16333634234434E-17 0.05
0.022 0.946485147953484 0.00351485204651607 0.05
0.024 0.941764533584249 0.00823546641575128 0.05
0.026 0.937067463377403 0.0129325366225966 0.05
0.028 0.932393819905948 0.0176061800940517 0.05
0.03 0.927743486328553 0.0222565136714471 0.05
0.032 0.923116346386636 0.0268836536133642 0.05
0.034 0.918512284401457 0.0314877155985426 0.05
0.036 0.913931185271228 0.0360688147287718 0.05
0.038 0.909372934468231 0.0406270655317686 0.05
0.04 0.90483741803596 0.0451625819640405 0.05
0.042 0.900324522586266 0.0496754774137344 0.05
0.044 0.895834135296528 0.0541658647034718 0.05
0.046 0.891366143906831 0.0586338560931687 0.05
0.048 0.886920436717157 0.0630795632828425 0.05
0.05 0.882496902584595 0.0675030974154045 0.05
0.052 0.878095430920561 0.0719045690794387 0.05
0.054 0.873715911688034 0.0762840883119656 0.05
0.056 0.869358235398806 0.0806417646011941 0.05
0.058 0.865022293110741 0.0849777068892587 0.05
0.06 0.860707976425058 0.0892920235749422 0.05
0.062 0.856415177483614 0.0935848225163865 0.05
0.064 0.852143788966211 0.0978562110337887 0.05
0.066 0.847893704087916 0.102106295912084 0.05
0.068 0.843664816596384 0.106335183403616 0.05
0.07 0.839457020769207 0.110542979230793 0.05
0.072 0.835270211411272 0.114729788588728 0.05
0.074 0.831104283852126 0.118895716147874 0.05
0.076 0.826959133943362 0.123040866056638 0.05
0.078 0.822834658056018 0.127165341943982 0.05
0.08 0.818730753077982 0.131269246922018 0.05
0.082 0.814647316411415 0.135352683588585 0.05
0.084 0.810584245970187 0.139415754029813 0.05
0.086 0.806541440177327 0.143458559822673 0.05
0.088 0.802518797962478 0.147481202037522 0.05
0.09 0.798516218759377 0.151483781240623 0.05
0.092 0.794533602503334 0.155466397496666 0.05
0.094 0.790570849628736 0.159429150371264 0.05
0.096 0.786627861066553 0.163372138933447 0.05
0.098 0.782704538241868 0.167295461758132 0.05
0.1 0.778800783071405 0.171199216928595 0.05
0.102 0.774916497961081 0.175083502038919 0.05
0.104 0.771051585803566 0.178948414196434 0.05
0.106 0.767205949975856 0.182794050024144 0.05
0.108 0.763379494336853 0.186620505663147 0.05
0.11 0.759572123224968 0.190427876775032 0.05
0.112 0.755783741455725 0.194216258544275 0.05
0.114 0.752014254319383 0.197985745680617 0.05
0.116 0.748263567578565 0.201736432421435 0.05
0.118 0.744531587465909 0.205468412534091 0.05
0.12 0.740818220681718 0.209181779318282 0.05
0.122 0.737123374391628 0.212876625608372 0.05
0.124 0.733446956224289 0.216553043775711 0.05
0.126 0.729788874269057 0.220211125730943 0.05
0.128 0.726149037073691 0.223850962926309 0.05
0.13 0.722527353642072 0.227472646357928 0.05
0.132 0.718923733431926 0.231076266568074 0.05
0.134 0.71533808635256 0.23466191364744 0.05
0.136 0.71177032276261 0.23822967723739 0.05
0.138 0.7082203534678 0.2417796465322 0.05
0.14 0.704688089718713 0.245311910281287 0.05
0.142 0.701173443208572 0.248826556791428 0.05
0.144 0.697676326071031 0.252323673928969 0.05
0.146 0.694196650877979 0.255803349122021 0.05
0.148 0.690734330637355 0.259265669362645 0.05
0.15 0.687289278790972 0.262710721209028 0.05
0.152 0.683861409212356 0.266138590787644 0.05
0.154 0.680450636204588 0.269549363795412 0.05
0.156 0.677056874498165 0.272943125501835 0.05
0.158 0.673680039248868 0.276319960751132 0.05
0.16 0.670320046035639 0.279679953964361 0.05
0.162 0.666976810858474 0.283023189141526 0.05
0.164 0.663650250136319 0.286349749863681 0.05
0.166 0.660340280704983 0.289659719295017 0.05
0.168 0.657046819815057 0.292953180184943 0.05
0.17 0.653769785129847 0.296230214870153 0.05
0.172 0.650509094723317 0.299490905276683 0.05
0.174 0.647264667078035 0.302735332921965 0.05
0.176 0.644036421083141 0.305963578916859 0.05
0.178 0.640824276032319 0.309175723967681 0.05
0.18 0.637628151621773 0.312371848378227 0.05
0.182 0.634447967948228 0.315552032051772 0.05
0.184 0.631283645506926 0.318716354493074 0.05
0.186 0.628135105189641 0.321864894810359 0.05
0.188 0.625002268282701 0.324997731717299 0.05
0.19 0.62188505646502 0.32811494353498 0.05
0.192 0.618783391806141 0.331216608193859 0.05
0.194 0.615697196764285 0.334302803235715 0.05
0.196 0.612626394184416 0.337373605815584 0.05
0.198 0.609570907296309 0.340429092703691 0.05
0.2 0.606530659712633 0.343469340287367 0.05
0.202 0.603505575427041 0.346494424572959 0.05
0.204 0.600495578812266 0.349504421187734 0.05
0.206 0.597500594618237 0.352499405381763 0.05
0.208 0.594520547970194 0.355479452029806 0.05
0.21 0.591555364366815 0.358444635633185 0.05
0.212 0.588604969678355 0.361395030321645 0.05
0.214 0.585669290144794 0.364330709855206 0.05
0.216 0.58274825237399 0.36725174762601 0.05
0.218 0.579841783339846 0.370158216660154 0.05
0.22 0.576949810380487 0.373050189619513 0.05
0.222 0.574072261196436 0.375927738803564 0.05
0.224 0.571209063848815 0.378790936151185 0.05
0.226 0.56836014675754 0.38163985324246 0.05
0.228 0.565525438699537 0.384474561300463 0.05
0.23 0.562704868806956 0.387295131193044 0.05
0.232 0.559898366565402 0.390101633434598 0.05
0.234 0.557105861812174 0.392894138187826 0.05
0.236 0.554327284734507 0.395672715265493 0.05
0.238 0.55156256586783 0.39843743413217 0.05
0.24 0.548811636094027 0.401188363905974 0.05
0.242 0.546074426639709 0.403925573360291 0.05
0.244 0.5433508690745 0.4066491309255 0.05
0.246 0.540640895309317 0.409359104690683 0.05
0.248 0.537944437594674 0.412055562405326 0.05
0.25 0.53526142851899 0.41473857148101 0.05
0.252 0.532591801006897 0.417408198993103 0.05
0.254 0.529935488317569 0.420064511682431 0.05
0.256 0.527292424043049 0.422707575956951 0.05
0.258 0.524662542106593 0.425337457893407 0.05
0.26 0.522045776761016 0.427954223238984 0.05
0.262 0.519442062587048 0.430557937412952 0.05
0.264 0.516851334491699 0.433148665508301 0.05
0.266 0.514273527706632 0.435726472293368 0.05
0.268 0.511708577786542 0.438291422213458 0.05
0.27 0.509156420607549 0.440843579392451 0.05
0.272 0.50661699236559 0.44338300763441 0.05
0.274 0.504090229574826 0.445909770425174 0.05
0.276 0.501576069066055 0.448423930933945 0.05
0.278 0.499074447985136 0.450925552014864 0.05
0.28 0.496585303791409 0.453414696208591 0.05
0.282 0.494108574256142 0.455891425743858 0.05
0.284 0.491644197460965 0.458355802539035 0.05
0.286 0.489192111796331 0.460807888203669 0.05
0.288 0.486752255959972 0.463247744040028 0.05
0.29 0.484324568955362 0.465675431044638 0.05
0.292 0.481908990090202 0.468091009909798 0.05
0.294 0.479505458974894 0.470494541025106 0.05
0.296 0.477113915521034 0.472886084478966 0.05
0.298 0.474734299939912 0.475265700060088 0.05
0.3 0.472366552741015 0.477633447258985 0.05
0.302 0.470010614730538 0.479989385269462 0.05
0.304 0.467666427009909 0.482333572990091 0.05
0.306 0.465333930974313 0.484666069025687 0.05
0.308 0.463013068311228 0.486986931688772 0.05
0.31 0.460703780998966 0.489296219001034 0.05
0.312 0.458406011305224 0.491593988694777 0.05
0.314 0.456119701785639 0.493880298214361 0.05
0.316 0.453844795282356 0.496155204717644 0.05
0.318 0.451581234922592 0.498418765077408 0.05
0.32 0.449328964117222 0.500671035882778 0.05
0.322 0.447087926559356 0.502912073440644 0.05
0.324 0.444858066222941 0.505141933777059 0.05
0.326 0.442639327361351 0.507360672638649 0.05
0.328 0.440431654505999 0.509568345494001 0.05
0.33 0.438234992464949 0.511765007535051 0.05
0.332 0.436049286321536 0.513950713678464 0.05
0.334 0.433874481432991 0.516125518567009 0.05
0.336 0.43171052342908 0.51828947657092 0.05
0.338 0.429557358210739 0.520442641789261 0.05
0.34 0.427414931948727 0.522585068051273 0.05
0.342 0.425283191082274 0.524716808917726 0.05
0.344 0.423162082317749 0.526837917682251 0.05
0.346 0.421051552627321 0.528948447372679 0.05
0.348 0.418951549247639 0.531048450752361 0.05
0.35 0.416862019678508 0.533137980321492 0.05
0.352 0.414782911681581 0.535217088318419 0.05
0.354 0.41271417327905 0.53728582672095 0.05
0.356 0.410655752752346 0.539344247247654 0.05
0.358 0.408607598640848 0.541392401359152 0.05
0.36 0.406569659740599 0.543430340259401 0.05
0.362 0.404541885103019 0.545458114896981 0.05
0.364 0.402524224033636 0.547475775966364 0.05
0.366 0.400516626090819 0.549483373909181 0.05
0.368 0.398519041084514 0.551480958915486 0.05
0.37 0.396531419074993 0.553468580925007 0.05
0.372 0.394553710371601 0.555446289628399 0.05
0.374 0.392585865531518 0.557414134468482 0.05
0.376 0.390627835358521 0.559372164641479 0.05
0.378 0.388679570901753 0.561320429098247 0.05
0.38 0.386741023454501 0.563258976545499 0.05
0.382 0.384812144552979 0.565187855447021 0.05
0.384 0.382892885975112 0.567107114024888 0.05
0.386 0.380983199739337 0.569016800260663 0.05
0.388 0.379083038103399 0.570916961896601 0.05
0.39 0.377192353563157 0.572807646436843 0.05
0.392 0.3753110988514 0.5746889011486 0.05
0.394 0.373439226936661 0.576560773063339 0.05
0.396 0.371576691022046 0.578423308977954 0.05
0.398 0.369723444544059 0.580276555455941 0.05
0.4 0.367879441171442 0.582120558828558 0.05
0.402 0.366044634804015 0.583955365195985 0.05
0.404 0.364218979571523 0.585781020428477 0.05
0.406 0.36240242983249 0.58759757016751 0.05
0.408 0.360594940173078 0.589405059826922 0.05
0.41 0.358796465405952 0.591203534594048 0.05
0.412 0.357006960569147 0.592993039430853 0.05
0.414 0.355226380924951 0.594773619075049 0.05
0.416 0.35345468195878 0.59654531804122 0.05
0.418 0.351691819378067 0.598308180621933 0.05
0.42 0.349937749111155 0.600062250888845 0.05
0.422 0.348192427306198 0.601807572693802 0.05
0.424 0.346455810330057 0.603544189669943 0.05
0.426 0.34472785476722 0.60527214523278 0.05
0.428 0.343008517418707 0.606991482581293 0.05
0.43 0.341297755300994 0.608702244699006 0.05
0.432 0.339595525644939 0.610404474355061 0.05
0.434 0.337901785894713 0.612098214105287 0.05
0.436 0.336216493706733 0.613783506293267 0.05
0.438 0.334539606948608 0.615460393051392 0.05
0.44 0.33287108369808 0.61712891630192 0.05
0.442 0.331210882241981 0.618789117758019 0.05
0.444 0.329558961075189 0.620441038924811 0.05
0.446 0.327915278899589 0.622084721100411 0.05
0.448 0.326279794623039 0.62372020537696 0.05
0.45 0.32465246735835 0.62534753264165 0.05
0.452 0.323033256422253 0.626966743577747 0.05
0.454 0.321422121334391 0.628577878665609 0.05
0.456 0.319819021816304 0.630180978183696 0.05
0.458 0.318223917790419 0.631776082209581 0.05
0.46 0.316636769379053 0.633363230620947 0.05
0.462 0.315057536903413 0.634942463096587 0.05
0.464 0.313486180882605 0.636513819117395 0.05
0.466 0.311922662032647 0.638077337967353 0.05
0.468 0.310366941265485 0.639633058734515 0.05
0.47 0.30881897968802 0.64118102031198 0.05
0.472 0.307278738601131 0.642721261398869 0.05
0.474 0.305746179498712 0.644253820501288 0.05
0.476 0.304221264066704 0.645778735933296 0.05
0.478 0.302703954182143 0.647296045817857 0.05
0.48 0.301194211912202 0.648805788087798 0.05
0.482 0.299691999513246 0.650308000486754 0.05
0.484 0.298197279429887 0.651802720570113 0.05
0.486 0.296710014294045 0.653289985705955 0.05
0.488 0.295230166924014 0.654769833075986 0.05
0.49 0.293757700323533 0.656242299676467 0.05
0.492 0.292292577680859 0.657707422319141 0.05
0.494 0.290834762367852 0.659165237632148 0.05
0.496 0.289384217939051 0.660615782060949 0.05
0.498 0.28794090813077 0.66205909186923 0.05
0.5 0.28650479686019 0.66349520313981 0.05
0.502 0.285075848224454 0.664924151775546 0.05
0.504 0.28365402649977 0.66634597350023 0.05
0.506 0.282239296140523 0.667760703859477 0.05
0.508 0.28083162177838 0.66916837822162 0.05
0.51 0.279430968221407 0.670569031778593 0.05
0.512 0.278037300453194 0.671962699546806 0.05
0.514 0.276650583631973 0.673349416368027 0.05
0.516 0.275270783089752 0.674729216910248 0.05
0.518 0.273897864331446 0.676102135668554 0.05
0.52 0.272531793034013 0.677468206965987 0.05
0.522 0.2711725350456 0.6788274649544 0.05
0.524 0.269820056384687 0.680179943615313 0.05
0.526 0.268474323239237 0.681525676760763 0.05
0.528 0.26713530196585 0.68286469803415 0.05
0.53 0.265802959088927 0.684197040911073 0.05
0.532 0.264477261299824 0.685522738700176 0.05
0.534 0.263158175456029 0.686841824543971 0.05
0.536 0.261845668580326 0.688154331419674 0.05
0.538 0.260539707859976 0.689460292140024 0.05
0.54 0.259240260645892 0.690759739354109 0.05
0.542 0.257947294451826 0.692052705548174 0.05
0.544 0.256660776953556 0.693339223046444 0.05
0.546 0.255380675988078 0.694619324011922 0.05
0.548 0.2541069595528 0.6958930404472 0.05
0.55 0.252839595804746 0.697160404195253 0.05
0.552 0.251578553059756 0.698421446940243 0.05
0.554 0.250323799791696 0.699676200208304 0.05
0.556 0.249075304631668 0.700924695368332 0.05
0.558 0.247833036367229 0.702166963632771 0.05
0.56 0.246596963941606 0.703403036058393 0.05
0.562 0.245367056452926 0.704632943547074 0.05
0.564 0.244143283153437 0.705856716846563 0.05
0.566 0.242925613448742 0.707074386551258 0.05
0.568 0.241714016897036 0.708285983102964 0.05
0.57 0.240508463208342 0.709491536791658 0.05
0.572 0.239308922243755 0.710691077756245 0.05
0.574 0.238115364014687 0.711884635985313 0.05
0.576 0.236927758682122 0.713072241317878 0.05
0.578 0.235746076555864 0.714253923444136 0.05
0.58 0.234570288093798 0.715429711906202 0.05
0.582 0.233400363901151 0.716599636098849 0.05
0.584 0.232236274729759 0.717763725270241 0.05
0.586 0.23107799147733 0.71892200852267 0.05
0.588 0.229925485186724 0.720074514813276 0.05
0.59 0.228778727045222 0.721221272954777 0.05
0.592 0.227637688383813 0.722362311616187 0.05
0.594 0.226502340676469 0.723497659323531 0.05
0.596 0.225372655539439 0.724627344460561 0.05
0.598 0.224248604730535 0.725751395269465 0.05
0.6 0.22313016014843 0.72686983985157 0.05
0.602 0.222017293831949 0.727982706168051 0.05
0.604 0.220909977959378 0.729090022040622 0.05
0.606 0.219808184847762 0.730191815152238 0.05
0.608 0.218711886952215 0.731288113047785 0.05
0.61 0.217621056865233 0.732378943134767 0.05
0.612 0.216535667316007 0.733464332683993 0.05
0.614 0.215455691169742 0.734544308830258 0.05
0.616 0.214381101426978 0.735618898573022 0.05
0.618 0.213311871222915 0.736688128777085 0.05
0.62 0.212247973826743 0.737752026173257 0.05
0.622 0.211189382640971 0.738810617359029 0.05
0.624 0.210136071200765 0.739863928799235 0.05
0.626 0.209088013173283 0.740911986826717 0.05
0.628 0.20804518235702 0.74195481764298 0.05
0.63 0.207007552681153 0.742992447318847 0.05
0.632 0.205975098204883 0.744024901795116 0.05
0.634 0.204947793116797 0.745052206883203 0.05
0.636 0.203925611734213 0.746074388265787 0.05
0.638 0.202908528502544 0.747091471497456 0.05
0.64 0.201896517994655 0.748103482005345 0.05
0.642 0.200889554910232 0.749110445089768 0.05
0.644 0.199887614075144 0.750112385924856 0.05
0.646 0.19889067044082 0.75110932955918 0.05
0.648 0.197898699083615 0.752101300916385 0.05
0.65 0.196911675204194 0.753088324795806 0.05
0.652 0.195929574126909 0.754070425873091 0.05
0.654 0.194952371299183 0.755047628700817 0.05
0.656 0.193980042290892 0.756019957709108 0.05
0.658 0.193012562793762 0.756987437206238 0.05
0.66 0.192049908620754 0.757950091379246 0.05
0.662 0.191092055705465 0.758907944294535 0.05
0.664 0.190138980101521 0.759861019898479 0.05
0.666 0.189190657981982 0.760809342018018 0.05
0.668 0.188247065638747 0.761752934361253 0.05
0.67 0.187308179481957 0.762691820518043 0.05
0.672 0.18637397603941 0.76362602396059 0.05
0.674 0.185444431955971 0.764555568044029 0.05
0.676 0.184519523992989 0.765480476007011 0.05
0.678 0.183599229027718 0.766400770972282 0.05
0.68 0.182683524052735 0.767316475947265 0.05
0.682 0.181772386175368 0.768227613824632 0.05
0.684 0.180865792617122 0.769134207382878 0.05
0.686 0.179963720713112 0.770036279286888 0.05
0.688 0.179066147911493 0.770933852088507 0.05
0.69 0.178173051772898 0.771826948227102 0.05
0.692 0.177284409969878 0.772715590030122 0.05
0.694 0.17640020028634 0.77359979971366 0.05
0.696 0.175520400616997 0.774479599383003 0.05
0.698 0.174644988966811 0.775355011033189 0.05
0.7 0.173773943450445 0.776226056549555 0.05
0.702 0.172907242291716 0.777092757708284 0.05
0.704 0.172044863823051 0.777955136176949 0.05
0.706 0.171186786484941 0.778813213515059 0.05
0.708 0.170332988825409 0.77966701117459 0.05
0.71 0.16948344949947 0.78051655050053 0.05
0.712 0.168638147268596 0.781361852731404 0.05
0.714 0.167797061000186 0.782202938999814 0.05
0.716 0.166960169667041 0.783039830332959 0.05
0.718 0.166127452346833 0.783872547653167 0.05
0.72 0.165298888221587 0.784701111778413 0.05
0.722 0.164474456577155 0.785525543422845 0.05
0.724 0.163654136802704 0.786345863197296 0.05
0.726 0.162837908390197 0.787162091609803 0.05
0.728 0.162025750933881 0.787974249066119 0.05
0.73 0.161217644129777 0.788782355870223 0.05
0.732 0.160413567775173 0.789586432224827 0.05
0.734 0.159613501768118 0.790386498231882 0.05
0.736 0.158817426106921 0.791182573893079 0.05
0.738 0.158025320889648 0.791974679110352 0.05
0.74 0.157237166313628 0.792762833686372 0.05
0.742 0.156452942674955 0.793547057325045 0.05
0.744 0.155672630367997 0.794327369632003 0.05
0.746 0.154896209884907 0.795103790115093 0.05
0.748 0.154123661815131 0.795876338184869 0.05
0.75 0.153354966844928 0.796645033155072 0.05
0.752 0.152590105756884 0.797409894243116 0.05
0.754 0.151829059429431 0.798170940570569 0.05
0.756 0.151071808836371 0.798928191163629 0.05
0.758 0.1503183350464 0.7996816649536 0.05
0.76 0.149568619222635 0.800431380777365 0.05
0.762 0.14882264262214 0.80117735737786 0.05
0.764 0.148080386595462 0.801919613404538 0.05
0.766 0.147341832586162 0.802658167413838 0.05
0.768 0.14660696213035 0.80339303786965 0.05
0.77 0.145875756856227 0.804124243143773 0.05
0.772 0.145148198483624 0.804851801516376 0.05
0.774 0.144424268823542 0.805575731176458 0.05
0.776 0.143703949777703 0.806296050222297 0.05
0.778 0.142987223338093 0.807012776661907 0.05
0.78 0.142274071586514 0.807725928413486 0.05
0.782 0.141564476694134 0.808435523305866 0.05
0.784 0.140858420921045 0.809141579078955 0.05
0.786 0.140155886615815 0.809844113384185 0.05
0.788 0.139456856215051 0.810543143784949 0.05
0.79 0.138761312242955 0.811238687757045 0.05
0.792 0.138069237310893 0.811930762689107 0.05
0.794 0.137380614116954 0.812619385883046 0.05
0.796 0.136695425445524 0.813304574554476 0.05
0.798 0.136013654166849 0.813986345833151 0.05
0.8 0.135335283236613 0.814664716763387 0.05
0.802 0.134660295695506 0.815303077217908 0.0500366270865863
0.804 0.133988674668805 0.815723888607603 0.0502874367235919
0.806 0.133320403365949 0.816140093084916 0.0505395035491347
0.808 0.132655465080122 0.81655170105498 0.0507928338648985
0.81 0.13199384318783 0.816958722808015 0.0510474340041544
0.812 0.131335521148493 0.817361168519588 0.0513033103319191
0.814 0.130680482504025 0.817759048250861 0.0515604692451142
0.816 0.130028710878426 0.818152371948848 0.0518189171727258
0.818 0.129380189977371 0.818541149446663 0.0520786605759657
0.82 0.128734903587804 0.818925390463763 0.0523397059484324
0.822 0.128092835577532 0.819305104606194 0.0526020598162738
0.824 0.127453969894821 0.819680301366829 0.0528657287383504
0.826 0.126818290567995 0.820050990125606 0.0531307193063988
0.828 0.126185781705039 0.820417180149764 0.0533970381451971
0.83 0.125556427493197 0.820778880594073 0.0536646919127301
0.832 0.124930212198582 0.821136100501062 0.053933687300356
0.834 0.124307120165779 0.821488848801247 0.0542040310329735
0.836 0.123687135817455 0.821837134313355 0.0544757298691899
0.838 0.123070243653968 0.822180965744542 0.0547487906014903
0.84 0.122456428252982 0.822520351690611 0.0550232200564072
0.842 0.12184567426908 0.822855300636228 0.0552990250946914
0.844 0.121237966433382 0.823185820955135 0.0555762126114831
0.846 0.120633289553158 0.823511920910357 0.0558547895364846
0.848 0.120031628511457 0.823833608654409 0.0561347628341337
0.85 0.11943296826672 0.824150892229503 0.0564161395037774
0.852 0.11883729385241 0.824463779567744 0.0566989265798469
0.854 0.118244590376635 0.824772278491331 0.056983131132034
0.856 0.117654843021779 0.825076396712753 0.0572687602654674
0.858 0.117068037044126 0.825376141834984 0.05755582112089
0.86 0.116484157773497 0.825671521351665 0.0578443208748385
0.862 0.115903190612879 0.8259625426473 0.0581342667398215
0.864 0.115325121038063 0.826249212997437 0.0584256659645008
0.866 0.114749934597279 0.826531539568849 0.0587185258338723
0.868 0.114177616910837 0.826809529419716 0.0590128536694478
0.87 0.113608153670764 0.827083189499797 0.0593086568294387
0.872 0.11304153064045 0.827352526650611 0.0596059427089394
0.874 0.11247773365429 0.827617547605598 0.0599047187401122
0.876 0.111916748617329 0.827878258990298 0.0602049923923735
0.878 0.111358561504913 0.828134667322507 0.0605067711725804
0.88 0.110803158362334 0.828386779012448 0.060810062625218
0.882 0.110250525304485 0.828634600362926 0.0611148743325884
0.884 0.109700648515511 0.828878137569488 0.0614212139150001
0.886 0.109153514248464 0.829117396720577 0.0617290890309588
0.888 0.108609108824958 0.829352383797684 0.0620385073773583
0.89 0.108067418634829 0.829583104675497 0.0623494766896734
0.892 0.107528430135795 0.829809565122052 0.0626620047421532
0.894 0.106992129853114 0.83003177079887 0.0629760993480151
0.896 0.106458504379253 0.830249727261106 0.0632917683596407
0.898 0.105927540373545 0.830463439957683 0.0636090196687718
0.9 0.105399224561864 0.830672914231428 0.0639278612067076
0.902 0.104873543736287 0.83087815531921 0.0642483009445031
0.904 0.104350484754765 0.831079168352067 0.0645703468931685
0.906 0.103830034540797 0.831275958355334 0.0648940071038693
0.908 0.1033121800831 0.831468530248772 0.0652192896681275
0.91 0.102796908435286 0.831656888846689 0.0655462027180243
0.912 0.102284206715537 0.83184103885806 0.065874754426403
0.914 0.101774062106284 0.832020984886643 0.0662049530070732
0.916 0.101266461853883 0.8321967314311 0.0665368067150169
0.918 0.100761393268304 0.832368282885102 0.0668703238465938
0.92 0.100258843722804 0.832535643537446 0.0672055127397498
0.922 0.0997588006536186 0.832698817572157 0.0675423817742245
0.924 0.0992612515596457 0.832857809068593 0.0678809393717614
0.926 0.0987661840021315 0.83301262200155 0.0682211939963181
0.928 0.0982735856043615 0.833163260241361 0.0685631541542779
0.93 0.09778344405135 0.833309727553987 0.0689068283946626
0.932 0.0972957470895328 0.833452027601121 0.069252225309346
0.934 0.0968104825264602 0.833590163940271 0.069599353533269
0.936 0.096327638230493 0.833724140024852 0.0699482217446554
0.938 0.0958472021304986 0.833853959204273 0.0702988386652285
0.94 0.0953691622155496 0.833979624724021 0.0706512130604296
0.942 0.0948935065346231 0.83410113972574 0.071005353739637
0.944 0.0944202231963023 0.834218507247312 0.0713612695563861
0.946 0.0939493003684792 0.83433173022293 0.0717189694085908
0.948 0.0934807262780585 0.834440811483175 0.0720784622387661
0.95 0.0930144892106635 0.834545753755085 0.0724397570342515
0.952 0.0925505775103432 0.834646559662221 0.0728028628274356
0.954 0.0920889795792812 0.834743231724737 0.0731677886959822
0.956 0.0916296838775048 0.834835772359438 0.0735345437630571
0.958 0.0911726789225979 0.834924183879846 0.073903137197556
0.96 0.0907179532894125 0.835008468496254 0.0742735782143339
0.962 0.0902654956097843 0.83508862831578 0.0746458760744356
0.964 0.0898152945722476 0.835164665342425 0.075020040085327
0.966 0.0893673389217532 0.835236581477119 0.0753960796011278
0.968 0.0889216174593863 0.835304378517768 0.0757740040228455
0.97 0.0884781190420873 0.835368058159302 0.0761538227986103
0.972 0.0880368325823726 0.835427621993716 0.0765355454239115
0.974 0.0875977470480576 0.835483071510108 0.0769191814418345
0.976 0.0871608514619813 0.835534408094719 0.0773047404432997
0.978 0.0867261349017311 0.835581633030966 0.0776922320673024
0.98 0.0862935864993705 0.835624747499476 0.0780816660011532
0.982 0.0858631954411668 0.835663752578112 0.0784730519807207
0.984 0.0854349509673212 0.835698649242004 0.0788663997906749
0.986 0.0850088423716996 0.835729438363569 0.0792617192647316
0.988 0.0845848590015647 0.835756120712537 0.079659020285898
0.99 0.0841629902573104 0.835778696955969 0.0800583127867205
0.992 0.083743225592196 0.835797167658272 0.0804596067495324
0.994 0.083325554512083 0.835811533281213 0.0808629122067037
0.996 0.0829099665751727 0.835821794183936 0.0812682392408917
0.998 0.082496451391745 0.835827950622962 0.0816755979852935
1 0.0820849986238988 0.835830002752202 0.0820849986238988
1.002 0.0816755979852935 0.835827950622962 0.082496451391745
1.004 0.0812682392408917 0.835821794183936 0.0829099665751727
1.006 0.0808629122067037 0.835811533281213 0.083325554512083
1.008 0.0804596067495324 0.835797167658272 0.083743225592196
1.01 0.0800583127867205 0.835778696955969 0.0841629902573104
1.012 0.079659020285898 0.835756120712537 0.0845848590015647
1.014 0.0792617192647316 0.835729438363569 0.0850088423716996
1.016 0.0788663997906749 0.835698649242004 0.0854349509673212
1.018 0.0784730519807207 0.835663752578112 0.0858631954411668
1.02 0.0780816660011532 0.835624747499476 0.0862935864993705
1.022 0.0776922320673024 0.835581633030966 0.0867261349017311
1.024 0.0773047404432997 0.835534408094719 0.0871608514619813
1.026 0.0769191814418345 0.835483071510108 0.0875977470480576
1.028 0.0765355454239115 0.835427621993716 0.0880368325823726
1.03 0.0761538227986103 0.835368058159302 0.0884781190420873
1.032 0.0757740040228455 0.835304378517768 0.0889216174593863
1.034 0.0753960796011278 0.835236581477119 0.0893673389217532
1.036 0.075020040085327 0.835164665342425 0.0898152945722476
1.038 0.0746458760744356 0.83508862831578 0.0902654956097843
1.04 0.0742735782143339 0.835008468496254 0.0907179532894125
1.042 0.073903137197556 0.834924183879846 0.0911726789225979
1.044 0.0735345437630571 0.834835772359438 0.0916296838775049
1.046 0.0731677886959822 0.834743231724737 0.0920889795792812
1.048 0.0728028628274356 0.834646559662221 0.0925505775103433
1.05 0.0724397570342515 0.834545753755085 0.0930144892106635
1.052 0.0720784622387661 0.834440811483175 0.0934807262780585
1.054 0.0717189694085908 0.83433173022293 0.0939493003684792
1.056 0.0713612695563861 0.834218507247312 0.0944202231963023
1.058 0.071005353739637 0.83410113972574 0.0948935065346231
1.06 0.0706512130604296 0.833979624724021 0.0953691622155497
1.062 0.0702988386652284 0.833853959204273 0.0958472021304987
1.064 0.0699482217446554 0.833724140024852 0.096327638230493
1.066 0.069599353533269 0.833590163940271 0.0968104825264602
1.068 0.069252225309346 0.833452027601121 0.0972957470895328
1.07 0.0689068283946626 0.833309727553987 0.0977834440513501
1.072 0.0685631541542779 0.833163260241361 0.0982735856043615
1.074 0.0682211939963181 0.83301262200155 0.0987661840021315
1.076 0.0678809393717614 0.832857809068593 0.0992612515596457
1.078 0.0675423817742245 0.832698817572157 0.0997588006536187
1.08 0.0672055127397498 0.832535643537446 0.100258843722804
1.082 0.0668703238465938 0.832368282885103 0.100761393268304
1.084 0.0665368067150169 0.8321967314311 0.101266461853883
1.086 0.0662049530070732 0.832020984886643 0.101774062106284
1.088 0.0658747544264029 0.83184103885806 0.102284206715537
1.09 0.0655462027180243 0.831656888846689 0.102796908435286
1.092 0.0652192896681275 0.831468530248772 0.1033121800831
1.094 0.0648940071038692 0.831275958355334 0.103830034540797
1.096 0.0645703468931685 0.831079168352067 0.104350484754765
1.098 0.0642483009445031 0.83087815531921 0.104873543736287
1.1 0.0639278612067076 0.830672914231428 0.105399224561864
1.102 0.0636090196687718 0.830463439957683 0.105927540373545
1.104 0.0632917683596407 0.830249727261106 0.106458504379253
1.106 0.0629760993480151 0.83003177079887 0.106992129853114
1.108 0.0626620047421531 0.829809565122052 0.107528430135795
1.11 0.0623494766896734 0.829583104675497 0.108067418634829
1.112 0.0620385073773583 0.829352383797684 0.108609108824958
1.114 0.0617290890309588 0.829117396720577 0.109153514248464
1.116 0.0614212139150001 0.828878137569488 0.109700648515511
1.118 0.0611148743325883 0.828634600362926 0.110250525304485
1.12 0.060810062625218 0.828386779012448 0.110803158362334
1.122 0.0605067711725804 0.828134667322507 0.111358561504913
1.124 0.0602049923923735 0.827878258990298 0.111916748617329
1.126 0.0599047187401122 0.827617547605598 0.11247773365429
1.128 0.0596059427089393 0.827352526650611 0.11304153064045
1.13 0.0593086568294387 0.827083189499797 0.113608153670764
1.132 0.0590128536694478 0.826809529419716 0.114177616910837
1.134 0.0587185258338723 0.826531539568849 0.114749934597279
1.136 0.0584256659645008 0.826249212997437 0.115325121038063
1.138 0.0581342667398215 0.8259625426473 0.115903190612879
1.14 0.0578443208748384 0.825671521351665 0.116484157773497
1.142 0.05755582112089 0.825376141834984 0.117068037044126
1.144 0.0572687602654673 0.825076396712753 0.117654843021779
1.146 0.056983131132034 0.824772278491331 0.118244590376635
1.148 0.0566989265798469 0.824463779567743 0.11883729385241
1.15 0.0564161395037773 0.824150892229503 0.11943296826672
1.152 0.0561347628341337 0.82383360865441 0.120031628511457
1.154 0.0558547895364847 0.823511920910357 0.120633289553158
1.156 0.0555762126114831 0.823185820955135 0.121237966433382
1.158 0.0552990250946914 0.822855300636228 0.12184567426908
1.16 0.0550232200564072 0.822520351690611 0.122456428252982
1.162 0.0547487906014903 0.822180965744542 0.123070243653968
1.164 0.0544757298691899 0.821837134313355 0.123687135817455
1.166 0.0542040310329735 0.821488848801247 0.124307120165779
1.168 0.053933687300356 0.821136100501062 0.124930212198582
1.17 0.0536646919127301 0.820778880594073 0.125556427493197
1.172 0.0533970381451971 0.820417180149764 0.126185781705039
1.174 0.0531307193063988 0.820050990125606 0.126818290567995
1.176 0.0528657287383504 0.819680301366829 0.127453969894821
1.178 0.0526020598162738 0.819305104606194 0.128092835577532
1.18 0.0523397059484324 0.818925390463763 0.128734903587804
1.182 0.0520786605759657 0.818541149446663 0.129380189977371
1.184 0.0518189171727258 0.818152371948848 0.130028710878426
1.186 0.0515604692451142 0.817759048250861 0.130680482504025
1.188 0.0513033103319191 0.817361168519588 0.131335521148493
1.19 0.0510474340041544 0.816958722808015 0.13199384318783
1.192 0.0507928338648985 0.81655170105498 0.132655465080122
1.194 0.0505395035491347 0.816140093084916 0.133320403365949
1.196 0.0502874367235919 0.815723888607603 0.133988674668805
1.198 0.0500366270865863 0.815303077217908 0.134660295695506
1.2 0.05 0.814664716763387 0.135335283236613
1.202 0.05 0.813986345833151 0.136013654166849
1.204 0.05 0.813304574554476 0.136695425445524
1.206 0.05 0.812619385883046 0.137380614116954
1.208 0.05 0.811930762689107 0.138069237310893
1.21 0.05 0.811238687757045 0.138761312242955
1.212 0.05 0.810543143784949 0.139456856215051
1.214 0.05 0.809844113384185 0.140155886615815
1.216 0.05 0.809141579078955 0.140858420921045
1.218 0.05 0.808435523305866 0.141564476694134
1.22 0.05 0.807725928413486 0.142274071586514
1.222 0.05 0.807012776661907 0.142987223338093
1.224 0.05 0.806296050222297 0.143703949777703
1.226 0.05 0.805575731176458 0.144424268823542
1.228 0.05 0.804851801516376 0.145148198483624
1.23 0.05 0.804124243143773 0.145875756856227
1.232 0.05 0.80339303786965 0.14660696213035
1.234 0.05 0.802658167413838 0.147341832586162
1.236 0.05 0.801919613404538 0.148080386595462
1.238 0.05 0.80117735737786 0.14882264262214
1.24 0.05 0.800431380777365 0.149568619222635
1.242 0.05 0.7996816649536 0.1503183350464
1.244 0.05 0.798928191163629 0.151071808836371
1.246 0.05 0.798170940570569 0.151829059429431
1.248 0.05 0.797409894243116 0.152590105756884
1.25 0.05 0.796645033155072 0.153354966844928
1.252 0.05 0.795876338184869 0.154123661815131
1.254 0.05 0.795103790115093 0.154896209884907
1.256 0.05 0.794327369632003 0.155672630367997
1.258 0.05 0.793547057325045 0.156452942674955
1.26 0.05 0.792762833686372 0.157237166313628
1.262 0.05 0.791974679110352 0.158025320889648
1.264 0.05 0.791182573893079 0.158817426106921
1.266 0.05 0.790386498231882 0.159613501768118
1.268 0.05 0.789586432224827 0.160413567775173
1.27 0.05 0.788782355870223 0.161217644129777
1.272 0.05 0.787974249066119 0.162025750933881
1.274 0.05 0.787162091609803 0.162837908390197
1.276 0.05 0.786345863197296 0.163654136802704
1.278 0.05 0.785525543422845 0.164474456577155
1.28 0.05 0.784701111778413 0.165298888221587
1.282 0.05 0.783872547653167 0.166127452346833
1.284 0.05 0.783039830332959 0.166960169667041
1.286 0.05 0.782202938999814 0.167797061000186
1.288 0.05 0.781361852731404 0.168638147268596
1.29 0.05 0.78051655050053 0.16948344949947
1.292 0.05 0.77966701117459 0.170332988825409
1.294 0.05 0.778813213515059 0.171186786484941
1.296 0.05 0.777955136176949 0.172044863823051
1.298 0.05 0.777092757708284 0.172907242291716
1.3 0.05 0.776226056549555 0.173773943450445
1.302 0.05 0.775355011033189 0.174644988966811
1.304 0.05 0.774479599383003 0.175520400616997
1.306 0.05 0.77359979971366 0.17640020028634
1.308 0.05 0.772715590030122 0.177284409969878
1.31 0.05 0.771826948227101 0.178173051772898
1.312 0.05 0.770933852088507 0.179066147911493
1.314 0.05 0.770036279286888 0.179963720713112
1.316 0.05 0.769134207382878 0.180865792617122
1.318 0.05 0.768227613824632 0.181772386175368
1.32 0.05 0.767316475947265 0.182683524052735
1.322 0.05 0.766400770972282 0.183599229027718
1.324 0.05 0.765480476007011 0.184519523992989
1.326 0.05 0.764555568044029 0.185444431955971
1.328 0.05 0.76362602396059 0.18637397603941
1.33 0.05 0.762691820518043 0.187308179481957
1.332 0.05 0.761752934361253 0.188247065638747
1.334 0.05 0.760809342018018 0.189190657981982
1.336 0.05 0.759861019898479 0.190138980101521
1.338 0.05 0.758907944294535 0.191092055705465
1.34 0.05 0.757950091379246 0.192049908620754
1.342 0.05 0.756987437206238 0.193012562793762
1.344 0.05 0.756019957709108 0.193980042290892
1.346 0.05 0.755047628700817 0.194952371299183
1.348 0.05 0.754070425873091 0.195929574126909
1.35 0.05 0.753088324795806 0.196911675204194
1.352 0.05 0.752101300916385 0.197898699083615
1.354 0.05 0.75110932955918 0.19889067044082
1.356 0.05 0.750112385924855 0.199887614075145
1.358 0.05 0.749110445089768 0.200889554910232
1.36 0.05 0.748103482005344 0.201896517994655
1.362 0.05 0.747091471497456 0.202908528502544
1.364 0.05 0.746074388265787 0.203925611734213
1.366 0.05 0.745052206883203 0.204947793116797
1.368 0.05 0.744024901795116 0.205975098204884
1.37 0.05 0.742992447318847 0.207007552681153
1.372 0.05 0.741954817642979 0.20804518235702
1.374 0.05 0.740911986826717 0.209088013173283
1.376 0.05 0.739863928799235 0.210136071200765
1.378 0.05 0.738810617359029 0.211189382640971
1.38 0.05 0.737752026173257 0.212247973826743
1.382 0.05 0.736688128777085 0.213311871222915
1.384 0.05 0.735618898573022 0.214381101426978
1.386 0.05 0.734544308830258 0.215455691169742
1.388 0.05 0.733464332683993 0.216535667316007
1.39 0.05 0.732378943134767 0.217621056865233
1.392 0.05 0.731288113047785 0.218711886952215
1.394 0.05 0.730191815152238 0.219808184847762
1.396 0.05 0.729090022040622 0.220909977959378
1.398 0.05 0.727982706168051 0.222017293831949
1.4 0.05 0.72686983985157 0.22313016014843
1.402 0.05 0.725751395269465 0.224248604730535
1.404 0.05 0.724627344460561 0.225372655539439
1.406 0.05 0.723497659323531 0.226502340676469
1.408 0.05 0.722362311616187 0.227637688383813
1.41 0.05 0.721221272954778 0.228778727045222
1.412 0.05 0.720074514813276 0.229925485186724
1.414 0.05 0.71892200852267 0.23107799147733
1.416 0.05 0.717763725270241 0.232236274729759
1.418 0.05 0.716599636098849 0.233400363901151
1.42 0.05 0.715429711906202 0.234570288093798
1.422 0.05 0.714253923444137 0.235746076555863
1.424 0.05 0.713072241317878 0.236927758682122
1.426 0.05 0.711884635985313 0.238115364014687
1.428 0.05 0.710691077756245 0.239308922243755
1.43 0.05 0.709491536791658 0.240508463208342
1.432 0.05 0.708285983102964 0.241714016897036
1.434 0.05 0.707074386551258 0.242925613448742
1.436 0.05 0.705856716846563 0.244143283153437
1.438 0.05 0.704632943547074 0.245367056452926
1.44 0.05 0.703403036058394 0.246596963941606
1.442 0.05 0.702166963632771 0.247833036367229
1.444 0.05 0.700924695368332 0.249075304631668
1.446 0.05 0.699676200208304 0.250323799791696
1.448 0.05 0.698421446940243 0.251578553059757
1.45 0.05 0.697160404195253 0.252839595804746
1.452 0.05 0.6958930404472 0.2541069595528
1.454 0.05 0.694619324011922 0.255380675988078
1.456 0.05 0.693339223046444 0.256660776953556
1.458 0.05 0.692052705548174 0.257947294451826
1.46 0.05 0.690759739354109 0.259240260645892
1.462 0.05 0.689460292140024 0.260539707859976
1.464 0.05 0.688154331419674 0.261845668580326
1.466 0.05 0.686841824543971 0.263158175456029
1.468 0.05 0.685522738700176 0.264477261299824
1.47 0.05 0.684197040911073 0.265802959088927
1.472 0.05 0.68286469803415 0.26713530196585
1.474 0.05 0.681525676760763 0.268474323239237
1.476 0.05 0.680179943615313 0.269820056384687
1.478 0.05 0.6788274649544 0.2711725350456
1.48 0.05 0.677468206965987 0.272531793034013
1.482 0.05 0.676102135668554 0.273897864331446
1.484 0.05 0.674729216910248 0.275270783089752
1.486 0.05 0.673349416368027 0.276650583631973
1.488 0.05 0.671962699546806 0.278037300453194
1.49 0.05 0.670569031778593 0.279430968221407
1.492 0.05 0.66916837822162 0.28083162177838
1.494 0.05 0.667760703859477 0.282239296140523
1.496 0.05 0.66634597350023 0.28365402649977
1.498 0.05 0.664924151775546 0.285075848224454
1.5 0.05 0.66349520313981 0.28650479686019
1.502 0.05 0.66205909186923 0.28794090813077
1.504 0.05 0.660615782060949 0.289384217939051
1.506 0.05 0.659165237632148 0.290834762367852
1.508 0.05 0.657707422319141 0.292292577680859
1.51 0.05 0.656242299676467 0.293757700323533
1.512 0.05 0.654769833075986 0.295230166924014
1.514 0.05 0.653289985705955 0.296710014294045
1.516 0.05 0.651802720570113 0.298197279429887
1.518 0.05 0.650308000486754 0.299691999513246
1.52 0.05 0.648805788087798 0.301194211912202
1.522 0.05 0.647296045817857 0.302703954182143
1.524 0.05 0.645778735933296 0.304221264066704
1.526 0.05 0.644253820501288 0.305746179498712
1.528 0.05 0.642721261398869 0.307278738601131
1.53 0.05 0.64118102031198 0.30881897968802
1.532 0.05 0.639633058734515 0.310366941265485
1.534 0.05 0.638077337967353 0.311922662032647
1.536 0.05 0.636513819117395 0.313486180882605
1.538 0.05 0.634942463096587 0.315057536903413
1.54 0.05 0.633363230620947 0.316636769379053
1.542 0.05 0.631776082209581 0.318223917790419
1.544 0.05 0.630180978183696 0.319819021816304
1.546 0.05 0.628577878665609 0.321422121334391
1.548 0.05 0.626966743577747 0.323033256422253
1.55 0.05 0.62534753264165 0.32465246735835
1.552 0.05 0.62372020537696 0.326279794623039
1.554 0.05 0.622084721100411 0.327915278899589
1.556 0.05 0.620441038924811 0.329558961075189
1.558 0.05 0.618789117758019 0.331210882241981
1.56 0.05 0.61712891630192 0.33287108369808
1.562 0.05 0.615460393051392 0.334539606948608
1.564 0.05 0.613783506293267 0.336216493706733
1.566 0.05 0.612098214105287 0.337901785894713
1.568 0.05 0.610404474355061 0.339595525644939
1.57 0.05 0.608702244699006 0.341297755300994
1.572 0.05 0.606991482581293 0.343008517418707
1.574 0.05 0.60527214523278 0.34472785476722
1.576 0.05 0.603544189669942 0.346455810330058
1.578 0.05 0.601807572693802 0.348192427306198
1.58 0.05 0.600062250888844 0.349937749111155
1.582 0.05 0.598308180621933 0.351691819378067
1.584 0.05 0.59654531804122 0.35345468195878
1.586 0.05 0.594773619075048 0.355226380924952
1.588 0.05 0.592993039430852 0.357006960569147
1.59 0.05 0.591203534594048 0.358796465405952
1.592 0.05 0.589405059826921 0.360594940173078
1.594 0.05 0.58759757016751 0.36240242983249
1.596 0.05 0.585781020428477 0.364218979571523
1.598 0.05 0.583955365195985 0.366044634804015
