0 0.95 4.16333634234434E-17 0.05
0.002 0.95 4.16333634234434E-17 0.05
0.004 0.95 4.16333634234434E-17 0.05
0.006 0.95 4.16333634234434E-17 0.05
0.008 0.95 4.16333634234434E-17 0.05
0.01 0.95 4.16333634234434E-17 0.05
0.012 0.95 4.16333634234434E-17 0.05
0.014 0.946267165286378 0.00373283471362167 0.05
0.016 0.938945976804279 0.0110540231957214 0.05
0.018 0.93170942591792 0.0182905740820799 0.05
0.02 0.924556213017751 0.0254437869822486 0.05
0.022 0.917485063343169 0.0325149366568313 0.05
0.024 0.910494726414544 0.0395052735854556 0.05
0.026 0.903583975480345 0.0464160245196549 0.05
0.028 0.89675160697888 0.0532483930211204 0.05
0.03 0.88999644001424 0.0600035599857602 0.05
0.032 0.883317315846006 0.0666826841539942 0.05
0.034 0.876713097392305 0.0732869026076955 0.05
0.036 0.870182668745823 0.079817331254177 0.05
0.038 0.863724934702395 0.0862750652976051 0.05
0.04 0.857338820301783 0.0926611796982168 0.05
0.042 0.851023270380305 0.0989767296196948 0.05
0.044 0.844777249134948 0.105222750865052 0.05
0.046 0.838599739698641 0.111400260301359 0.05
0.048 0.832489743726357 0.117510256273643 0.05
0.05 0.826446280991735 0.123553719008265 0.05
0.052 0.820468388993909 0.129531611006091 0.05
0.054 0.814555122574255 0.135444877425745 0.05
0.056 0.808705553542777 0.141294446457223 0.05
0.058 0.802918770313845 0.147081229686155 0.05
0.06 0.79719387755102 0.15280612244898 0.05
0.062 0.791529995820721 0.158470004179279 0.05
0.064 0.785926261254464 0.164073738745536 0.05
0.066 0.780381825219443 0.169618174780557 0.05
0.068 0.774895853997223 0.175104146002777 0.05
0.07 0.769467528470298 0.180532471529702 0.05
0.072 0.764096043816323 0.185903956183677 0.05
0.074 0.758780609209776 0.191219390790224 0.05
0.076 0.753520447530864 0.196479552469136 0.05
0.078 0.748314795081477 0.201685204918523 0.05
0.08 0.743162901307967 0.206837098692033 0.05
0.082 0.738064028530603 0.211935971469397 0.05
0.084 0.73301745167949 0.21698254832051 0.05
0.086 0.728022458036786 0.221977541963214 0.05
0.088 0.723078346985053 0.226921653014947 0.05
0.09 0.718184429761563 0.231815570238437 0.05
0.092 0.713340029218408 0.236659970781592 0.05
0.094 0.708544479588251 0.241455520411749 0.05
0.096 0.703797126255574 0.246202873744426 0.05
0.098 0.699097325533272 0.250902674466728 0.05
0.1 0.694444444444444 0.255555555555556 0.05
0.102 0.689837860509266 0.260162139490734 0.05
0.104 0.685276961536775 0.264723038463225 0.05
0.106 0.680761145421473 0.269238854578527 0.05
0.108 0.676289819944598 0.273710180055402 0.05
0.11 0.671862402579952 0.278137597420048 0.05
0.112 0.667478320304157 0.282521679695843 0.05
0.114 0.66313700941124 0.28686299058876 0.05
0.116 0.658837915331422 0.291162084668578 0.05
0.118 0.654580492453996 0.295419507546004 0.05
0.12 0.650364203954214 0.299635796045786 0.05
0.122 0.646188521624053 0.303811478375947 0.05
0.124 0.642052925706772 0.307947074293228 0.05
0.126 0.637956904735171 0.312043095264829 0.05
0.128 0.633899955373443 0.316100044626557 0.05
0.13 0.629881582262535 0.320118417737465 0.05
0.132 0.625901297868931 0.324098702131069 0.05
0.134 0.621958622336773 0.328041377663227 0.05
0.136 0.618053083343222 0.331946916656778 0.05
0.138 0.614184215956997 0.335815784043003 0.05
0.14 0.6103515625 0.3396484375 0.05
0.142 0.606554672411952 0.343445327588048 0.05
0.144 0.602793102117974 0.347206897882026 0.05
0.146 0.599066414899021 0.350933585100979 0.05
0.148 0.595374180765127 0.354625819234873 0.05
0.15 0.591715976331361 0.358284023668639 0.05
0.152 0.588091384696451 0.361908615303549 0.05
0.154 0.584499995324 0.365500004676 0.05
0.156 0.580941403926234 0.369058596073766 0.05
0.158 0.577415212350218 0.372584787649782 0.05
0.16 0.573921028466483 0.376078971533517 0.05
0.162 0.570458466060003 0.379541533939997 0.05
0.164 0.567027144723472 0.382972855276528 0.05
0.166 0.563626689752816 0.386373310247184 0.05
0.168 0.560256732044892 0.389743267955108 0.05
0.17 0.556916907997327 0.393083092002673 0.05
0.172 0.553606859410431 0.396393140589569 0.05
0.174 0.550326233391154 0.399673766608846 0.05
0.176 0.547074682259025 0.402925317740975 0.05
0.178 0.543851863454025 0.406148136545975 0.05
0.18 0.540657439446367 0.409342560553633 0.05
0.182 0.537491077648111 0.412508922351889 0.05
0.184 0.534352450326596 0.415647549673404 0.05
0.186 0.531241234519631 0.418758765480369 0.05
0.188 0.528157111952407 0.421842888047593 0.05
0.19 0.525099768956102 0.424900231043898 0.05
0.192 0.522068896388119 0.427931103611881 0.05
0.194 0.519064189553937 0.430935810446063 0.05
0.196 0.516085348130533 0.433914651869467 0.05
0.198 0.513132076091329 0.436867923908671 0.05
0.2 0.510204081632653 0.439795918367347 0.05
0.202 0.507301077101647 0.442698922898353 0.05
0.204 0.50442277892562 0.44557722107438 0.05
0.206 0.501568907542794 0.448431092457206 0.05
0.208 0.498739187334419 0.451260812665581 0.05
0.21 0.495933346558223 0.454066653441777 0.05
0.212 0.493151117283171 0.456848882716829 0.05
0.214 0.490392235325503 0.459607764674497 0.05
0.216 0.487656440186012 0.462343559813988 0.05
0.218 0.484943474988555 0.465056525011445 0.05
0.22 0.482253086419753 0.467746913580247 0.05
0.222 0.479585024669854 0.470414975330146 0.05
0.224 0.476939043374744 0.473060956625256 0.05
0.226 0.474314899559077 0.475685100440923 0.05
0.228 0.471712353580485 0.478287646419515 0.05
0.23 0.469131169074873 0.480868830925127 0.05
0.232 0.466571112902744 0.483428887097256 0.05
0.234 0.464031955096556 0.485968044903444 0.05
0.236 0.461513468809074 0.488486531190926 0.05
0.238 0.459015430262704 0.490984569737296 0.05
0.24 0.456537618699781 0.493462381300219 0.05
0.242 0.454079816333796 0.495920183666204 0.05
0.244 0.451641808301538 0.498358191698462 0.05
0.246 0.449223382616133 0.500776617383867 0.05
0.248 0.446824330120964 0.503175669879036 0.05
0.25 0.444444444444444 0.505555555555556 0.05
0.252 0.442083521955636 0.507916478044364 0.05
0.254 0.43974136172069 0.51025863827931 0.05
0.256 0.437417765460093 0.512582234539906 0.05
0.258 0.435112537506701 0.514887462493299 0.05
0.26 0.432825484764543 0.517174515235457 0.05
0.262 0.430556416668389 0.519443583331611 0.05
0.264 0.428305145144048 0.521691814671109 0.0500030401848432
0.266 0.426071484569395 0.523835904210982 0.0500926112196228
0.268 0.423855251736111 0.525962325119274 0.0501824231446153
0.27 0.42165626581211 0.528071257363502 0.0502724768243882
0.272 0.419474348304652 0.530162878567956 0.0503627731273912
0.274 0.417309323024124 0.532237364049899 0.0504533129259773
0.276 0.415161016048464 0.534294886855112 0.0505440970964236
0.278 0.413029255688239 0.536335617792809 0.0506351265189525
0.28 0.410913872452334 0.538359725469913 0.0507264020777534
0.282 0.408814699014266 0.54036737632473 0.0508179246610038
0.284 0.406731570179092 0.542358734660017 0.0509096951608909
0.286 0.404664322850909 0.544333962675458 0.0510017144736337
0.288 0.402612796000928 0.546293220499568 0.0510939834995046
0.29 0.400576830636116 0.548236666221033 0.0511865031428513
0.292 0.398556269768391 0.55016445591949 0.0512792743121193
0.294 0.396550958384356 0.55207674369577 0.051372297919874
0.296 0.39456074341557 0.553973681701607 0.0514655748828232
0.298 0.392585473709336 0.555855420168825 0.0515591061218395
0.3 0.390625 0.557722107438017 0.0516528925619835
0.302 0.388679174880753 0.559573889986721 0.051746935132526
0.304 0.386747852775921 0.561410912457107 0.0518412347669716
0.306 0.384830889913736 0.563233317683182 0.0519357924030816
0.308 0.382928144299578 0.565041246717524 0.0520306089828973
0.31 0.381039475689681 0.566834838857555 0.0521256854527637
0.312 0.379164745565289 0.568614231671358 0.0522210227633527
0.314 0.377303817107257 0.570379561023056 0.0523166218696873
0.316 0.375456555171088 0.572130961097747 0.052412483731165
0.318 0.373622826262397 0.57386856442602 0.0525086093115827
0.32 0.37180249851279 0.57559250190805 0.05260499957916
0.322 0.369995441656159 0.577302902837277 0.0527016555065641
0.324 0.368201527005373 0.578999894923693 0.0527985780709343
0.326 0.366420627429369 0.580683604316725 0.0528957682539065
0.328 0.364652617330626 0.582354155627736 0.0529932270416383
0.33 0.362897372623022 0.584011671952144 0.0530909554248338
0.332 0.361154770710059 0.585656274891172 0.0531889543987691
0.334 0.359424690463456 0.587288084573226 0.0532872249633171
0.336 0.357707012202102 0.588907219674925 0.0533857681229735
0.338 0.356001617671351 0.590513797441767 0.0534845848868822
0.34 0.354308390022676 0.592107933708463 0.0535836762688615
0.342 0.352627213793648 0.593689742918923 0.0536830432874293
0.344 0.350957974888255 0.595259338145915 0.0537826869658303
0.346 0.34930056055754 0.596816831110399 0.0538826083320617
0.348 0.347654859380562 0.598362332200538 0.0539828084188997
0.35 0.346020761245675 0.599895950490399 0.0540832882639265
0.352 0.344398157332099 0.601417793758344 0.0541840489095568
0.354 0.342786940091812 0.602927968505122 0.0542850914030655
0.356 0.341187003231723 0.604426579971663 0.0543864167966139
0.358 0.339598241696144 0.605913732156578 0.0544880261472781
0.36 0.33802055164954 0.607389527833384 0.0545899205170757
0.362 0.336453830459569 0.608854068567437 0.0546921009729944
0.364 0.334897976680384 0.610307454732597 0.054794568587019
0.366 0.333352890036215 0.611749785527624 0.0548973244361606
0.368 0.331818471405211 0.613181158992305 0.0550003696024837
0.37 0.330294622803541 0.614601672023323 0.0551037051731358
0.372 0.32878124736975 0.616011420389875 0.0552073322403754
0.374 0.327278249349371 0.617410498749028 0.0553112519016008
0.376 0.325785534079773 0.618799000660847 0.0554154652593798
0.378 0.32430300797526 0.620177018603262 0.0555199734214783
0.38 0.322830578512397 0.621544643986713 0.05562477750089
0.382 0.321368154215579 0.622901967168555 0.055729878615866
0.384 0.319915644642821 0.624249077467235 0.0558352778899446
0.386 0.318472960371773 0.625586063176246 0.0559409764519816
0.388 0.317040012985959 0.626913011577861 0.05604697543618
0.39 0.31561671506123 0.628230008956649 0.0561532759821208
0.392 0.314202980152426 0.62953714061278 0.0562598792347936
0.394 0.312798722780255 0.630834490875117 0.0563667863446274
0.396 0.311403858418367 0.632122143114111 0.0564739984675216
0.398 0.310018303480637 0.633400179754485 0.0565815167648771
0.4 0.308641975308642 0.63466868228773 0.0566893424036281
0.402 0.307274792159331 0.635927731284396 0.0567974765562736
0.404 0.305916673192889 0.637177406406202 0.056905920400909
0.406 0.304567538460789 0.638417786417952 0.0570146751212588
0.408 0.303227308894021 0.639648949199271 0.0571237419067082
0.41 0.301895906291511 0.640870971756153 0.0572331219523363
0.412 0.30057325330871 0.642083930232342 0.057342816458948
0.414 0.299259273446366 0.643287899920526 0.0574528266331081
0.416 0.297953891039454 0.644482955273373 0.0575631536871733
0.418 0.296657031246292 0.645669169914382 0.0576737988393263
0.42 0.295368620037807 0.646846616648583 0.0577847633136095
0.422 0.294088584186975 0.648015367473067 0.0578960483399582
0.424 0.29281685125841 0.649175493587355 0.0580076551542354
0.426 0.291553349598123 0.650327065403611 0.0581195849982657
0.428 0.290298008323425 0.651470152556705 0.05823183911987
0.43 0.289050757312984 0.652604823914116 0.0583444187729002
0.432 0.287811527197038 0.653731147585688 0.0584573252172742
0.434 0.286580249347743 0.654849190933245 0.0585705597190113
0.436 0.285356855869676 0.655959020580056 0.0586841235502674
0.438 0.284141279590473 0.657060702420156 0.0587980179893712
0.44 0.282933454051607 0.658154301627533 0.0589122443208596
0.442 0.281733313499308 0.659239882665177 0.0590268038355145
0.444 0.28054079287561 0.660317509293991 0.0591416978303986
0.446 0.279355827809537 0.66138724458157 0.0592569276088929
0.448 0.278178354608414 0.662449150910853 0.0593724944807329
0.45 0.277008310249308 0.663503289988646 0.0594883997620464
0.452 0.275845632370595 0.664549722854014 0.0596046447753906
0.454 0.274690259263654 0.665588509886556 0.0597212308497901
0.456 0.273542129864673 0.666619710814552 0.0598381593207747
0.458 0.272401183746584 0.667643384722998 0.0599554315304176
0.46 0.271267361111111 0.668659590061515 0.0600730488273741
0.462 0.270140602780935 0.669668384652144 0.0601910125669204
0.464 0.269020850191973 0.670669825697034 0.0603093241109923
0.466 0.267908045385766 0.671663969786009 0.060427984828225
0.468 0.266802131001981 0.672650872904027 0.0605469960939922
0.47 0.265703050271017 0.673630590438537 0.0606663592904463
0.472 0.264610747006723 0.674603177186718 0.0607860758065583
0.474 0.263525165599214 0.675568687362627 0.0609061470381584
0.476 0.262446251007794 0.67652717460423 0.0610265743879767
0.478 0.261373948753978 0.677478691980338 0.0611473592656838
0.48 0.260308204914619 0.678423291997449 0.0612685030879326
0.482 0.259248966115123 0.679361026606478 0.0613900072783993
0.484 0.258196179522771 0.680291947209404 0.0615118732678256
0.486 0.257149792840127 0.681216104665812 0.0616341024940609
0.488 0.256109754298546 0.68213354929935 0.0617566964021043
0.49 0.25507601265177 0.683044330904082 0.0618796564441474
0.492 0.254048517169615 0.683948498750767 0.0620029840796178
0.494 0.253027217631746 0.684846101593032 0.0621266807752217
0.496 0.252012064321543 0.685737187673469 0.062250748004988
0.498 0.251003008020048 0.68662180472964 0.0623751872503121
0.5 0.25 0.6875 0.0625
0.502 0.249002992019952 0.688371820229735 0.0626251877503129
0.504 0.248011936318471 0.689237311676517 0.062750752005012
0.506 0.247026785608417 0.690096520116179 0.0628766942754039
0.508 0.246047493071303 0.690949490848312 0.0630030160803858
0.51 0.24507401235173 0.691796268701779 0.0631297189464912
0.512 0.244106297551907 0.692636898040157 0.0632568044079365
0.514 0.243144303226233 0.6934714227671 0.063384274006667
0.516 0.242187984375969 0.694299886331627 0.0635121292924038
0.518 0.241237296443969 0.69512233173334 0.0636403718226908
0.52 0.240292195309496 0.695938801527561 0.0637690031629426
0.522 0.239352637283099 0.69674933783041 0.0638980248864915
0.524 0.238418579101563 0.697553982323801 0.0640274385746365
0.526 0.237489977922932 0.698352776260377 0.064157245816691
0.528 0.236566791321595 0.699145760468374 0.0642874482100317
0.53 0.235648977283439 0.699932975356413 0.0644180473601484
0.532 0.23473649420107 0.700714460918238 0.0645490448806927
0.534 0.233829300869097 0.701490256737375 0.0646804423935282
0.536 0.23292735647948 0.702260401991739 0.0648122415287808
0.538 0.232030620616942 0.70302493545817 0.0649444439248889
0.54 0.231139053254438 0.703783895516907 0.0650770512286547
0.542 0.230252614748693 0.704537320156012 0.0652100650952954
0.544 0.229371265835792 0.705285246975713 0.0653434871884945
0.546 0.228494967626833 0.706027713192713 0.0654773191804544
0.548 0.227623681603636 0.706764755644415 0.0656115627519484
0.55 0.226757369614512 0.707496410793114 0.0657462195923734
0.552 0.225895993870086 0.70822271473011 0.0658812913998035
0.554 0.225039516939175 0.708943703179782 0.0660167798810431
0.556 0.22418790174472 0.709659411503599 0.0661526867516808
0.558 0.223341111559779 0.710369874704077 0.0662890137361443
0.56 0.22249911000356 0.711075127428686 0.0664257625677543
0.562 0.221661861037519 0.7117752039737 0.0665629349887802
0.564 0.220829328961501 0.712470138288003 0.0667005327504952
0.566 0.220001478409935 0.713159963976833 0.0668385576132325
0.568 0.219178274348076 0.713844714305482 0.0669770113464415
0.57 0.218359682068303 0.714524422202953 0.0671158957287444
0.572 0.217545667186456 0.715199120265551 0.0672552125479933
0.574 0.216736195638227 0.715868840760445 0.0673949636013281
0.576 0.215931233675599 0.716533615629167 0.0675351506952339
0.578 0.215130747863321 0.717193476491079 0.0676757756455998
0.58 0.214334705075446 0.717848454646776 0.0678168402777778
0.582 0.213543072491894 0.718498581081465 0.0679583464266414
0.584 0.212755817595076 0.719143886468278 0.068100295936646
0.586 0.211972908166553 0.719784401171558 0.0682426906618886
0.588 0.211194312283737 0.720420155250095 0.0683855324661683
0.59 0.21041999831664 0.721051178460312 0.0685288232230476
0.592 0.20964993492466 0.721677500259426 0.0686725648159136
0.594 0.208884091053411 0.722299149808549 0.0688167591380398
0.596 0.208122435931589 0.722916155975762 0.0689614080926488
0.598 0.207364939067886 0.723528547339139 0.0691065135929748
0.6 0.206611570247934 0.724136352189739 0.0692520775623269
0.602 0.205862299531293 0.724739598534554 0.0693981019341529
0.604 0.205117097248477 0.725338314099419 0.0695445886521035
0.606 0.204375933998018 0.725932526331885 0.069691539670097
0.608 0.203638780643564 0.726522262404052 0.0698389569523844
0.61 0.202905608311014 0.727107549215371 0.069986842473615
0.612 0.202176388385694 0.727688413395403 0.0701351982189026
0.614 0.201451092509565 0.728264881306543 0.0702840261838922
0.616 0.200729692578461 0.728836979046712 0.070433328374827
0.618 0.200012160739373 0.729404732452011 0.0705831068086159
0.62 0.199298469387755 0.729968167099343 0.0707333635129018
0.622 0.198588591164873 0.730527308308997 0.0708841005261301
0.624 0.19788249895518 0.731082181147201 0.0710353198976182
0.626 0.19718016588373 0.731632810428645 0.0711870236876245
0.628 0.196481565313616 0.732179220718965 0.0713392139674191
0.63 0.195786670843449 0.732721436337197 0.0714918928193543
0.632 0.195095456304861 0.733259481358203 0.0716450623369359
0.634 0.194407895760042 0.733793379615064 0.0717987246248947
0.636 0.193723963499306 0.734323154701435 0.0719528817992595
0.638 0.193043634038689 0.734848829973882 0.0721075359874291
0.64 0.192366882117575 0.735370428554179 0.072262689328246
0.642 0.191693682696348 0.735887973331581 0.0724183439720709
0.644 0.191024010954081 0.736401486965063 0.0725745020808561
0.646 0.190357842286243 0.736910991885535 0.0727311658282218
0.648 0.189695152302444 0.737416510298025 0.0728883373995307
0.65 0.189035916824197 0.737918064183838 0.0730460189919649
0.652 0.188380111882716 0.738415675302682 0.0732042128146024
0.654 0.187727713716738 0.738909365194767 0.0733629210884945
0.656 0.187078698770369 0.739399155182887 0.0735221460467436
0.658 0.186433043690957 0.739885066374461 0.0736818899345823
0.66 0.185790725326992 0.740367119663557 0.0738421550094518
0.662 0.185151720726032 0.740845335732886 0.0740029435410823
0.664 0.184516007132651 0.741319735055776 0.074164257811573
0.666 0.183883561986413 0.741790337898114 0.074326100115473
0.668 0.183254362919872 0.742257164320264 0.0744884727598635
0.67 0.182628387756593 0.742720234178968 0.0746513780644391
0.672 0.182005614509196 0.743179567129212 0.0748148183615914
0.674 0.181386021377431 0.743635182626077 0.0749787959964922
0.676 0.180769586746263 0.744087099926559 0.0751433133271776
0.678 0.180156289183993 0.744535338091374 0.0753083727246328
0.68 0.179546107440391 0.744979915986732 0.0754739765728777
0.682 0.178939020444857 0.745420852286091 0.0756401272690525
0.684 0.178335007304602 0.745858165471893 0.0758068272235052
0.686 0.17773404730285 0.746291873837271 0.0759740788598783
0.688 0.177136119897063 0.74672199548774 0.0761418846151972
0.69 0.176541204717181 0.74714854834286 0.0763102469399591
0.692 0.175949281563893 0.747571550137884 0.0764791682982223
0.694 0.17536033040692 0.747991018425384 0.0766486511676962
0.696 0.174774331383318 0.748406970576849 0.0768186980398327
0.698 0.174191264795806 0.748819423784277 0.076989311419917
0.7 0.173611111111111 0.749228395061728 0.0771604938271605
0.702 0.173033850958331 0.749633901246876 0.0773322477947936
0.704 0.172459465127317 0.750035959002524 0.0775045758701594
0.706 0.171887934567076 0.750434584818116 0.0776774806148079
0.708 0.171319240384194 0.750829795011215 0.0778509646045918
0.71 0.170753363841268 0.75122160572897 0.0780250304297619
0.712 0.170190286355368 0.751610032949568 0.0781996806950638
0.714 0.169629989496511 0.751995092483653 0.0783749180198357
0.716 0.16907245498615 0.752376799975744 0.0785507450381065
0.718 0.168517664695684 0.752755170905621 0.0787271643986945
0.72 0.167965600644988 0.753130220589705 0.0789041787653074
0.722 0.167416245000951 0.753501964182406 0.0790817908166429
0.724 0.166869580076039 0.753870416677471 0.0792600032464897
0.726 0.166325588326871 0.754235592909299 0.0794388187638303
0.728 0.16578425235281 0.754597507554247 0.0796182400929431
0.73 0.165245554894573 0.75495617513192 0.079798269973507
0.732 0.164709478832855 0.755311610006439 0.0799789111607051
0.734 0.164176007186969 0.7556638263877 0.0801601664253311
0.736 0.163645123113499 0.756012838332606 0.0803420385538947
0.738 0.163116809904975 0.756358659746296 0.0805245303487292
0.74 0.162591050988554 0.756701304383347 0.0807076446280992
0.742 0.162067829924723 0.757040785848968 0.0808913842263095
0.744 0.161547130406013 0.757377117600172 0.0810757519938149
0.746 0.161028936255729 0.75771031294694 0.0812607507973305
0.748 0.160513231426693 0.758040385053364 0.0814463835199433
0.75 0.16 0.758367346938776 0.0816326530612245
0.752 0.159489226183793 0.758691211478865 0.0818195623373427
0.754 0.158980894312045 0.759011991406777 0.0820071142811781
0.756 0.158474988843361 0.759329699314202 0.0821953118424375
0.758 0.157971494359786 0.759644347652444 0.0823841579877702
0.76 0.157470395565634 0.759955948733481 0.0825736557008852
0.762 0.156971677286324 0.760264514731008 0.0827638079826686
0.764 0.156475324467233 0.760570057681464 0.0829546178513029
0.766 0.155981322172558 0.760872589485056 0.0831460883423863
0.768 0.155489655584193 0.761172121906753 0.0833382225090539
0.77 0.15500031000062 0.761468666577281 0.083531023422099
0.772 0.154513270835806 0.761762234994098 0.083724494170096
0.774 0.154028523618118 0.762052838522358 0.0839186378595242
0.776 0.153546053989249 0.762340488395858 0.0841134576148923
0.778 0.153065847703155 0.762625195717981 0.0843089565788639
0.78 0.152587890625 0.762906971462615 0.0845051379123851
0.782 0.152112168730119 0.76318582647507 0.0847020047948111
0.784 0.151638668102988 0.763461771472976 0.084899560424036
0.786 0.151167374936207 0.763734817047171 0.085097808016622
0.788 0.150698275529493 0.764004973662576 0.0852967508079308
0.79 0.150231356288685 0.76427225165906 0.0854963920522554
0.792 0.149766603724755 0.764536661252292 0.085696735022953
0.794 0.149304004452843 0.764798212534578 0.0858977830125796
0.796 0.148843545191282 0.765056915475693 0.0860995393330247
0.798 0.148385212760653 0.765312779923698 0.0863020073156486
0.8 0.14792899408284 0.765565815605741 0.0865051903114187
0.802 0.147474876180094 0.765816032128857 0.0867090916910493
0.804 0.147022846174113 0.766063438980747 0.0869137148451406
0.806 0.146572891285128 0.766308045530552 0.0871190631843203
0.808 0.146124998831 0.766549861029615 0.0873251401393849
0.81 0.145679156226327 0.766788894612229 0.0875319491614439
0.812 0.145235350981559 0.767025155296378 0.0877394937220637
0.814 0.144793570702121 0.767258651984465 0.0879477773134135
0.816 0.144353803087555 0.767489393464033 0.0881568034484121
0.818 0.143916035930653 0.767717388408471 0.088366575660876
0.82 0.143480257116621 0.76794264537771 0.0885770975056689
0.822 0.143046454622231 0.768165172818916 0.0887883725588525
0.824 0.142614616515001 0.768384979067162 0.0890004044178377
0.826 0.142184730952365 0.768602072346097 0.0892131967015383
0.828 0.141756786180868 0.768816460768607 0.0894267530505254
0.83 0.141330770535361 0.769028152337456 0.0896410771271828
0.832 0.140906672438204 0.769237154945932 0.0898561726158641
0.834 0.140484480398481 0.769443476378467 0.0900720432230515
0.836 0.140064183011223 0.769647124311262 0.0902886926775148
0.838 0.139645768956634 0.769848106312893 0.0905061247304728
0.84 0.139229226999332 0.770046429844913 0.0907243431557555
0.842 0.138814545987593 0.770242102262438 0.0909433517499684
0.844 0.138401714852608 0.770435130814736 0.0911631543326565
0.846 0.137990722607738 0.77062552264579 0.0913837547464722
0.848 0.137581558347789 0.770813284794869 0.0916051568573422
0.85 0.137174211248285 0.770998424197077 0.0918273645546373
0.852 0.136768670564756 0.771180947683901 0.0920503817513432
0.854 0.136364925632024 0.771360861983743 0.0922742123842328
0.856 0.135962965863506 0.771538173722454 0.0924988604140397
0.858 0.135562780750519 0.771712889423847 0.0927243298256338
0.86 0.135164359861592 0.771885015510211 0.0929506246281975
0.862 0.134767692841787 0.772054558302808 0.0931777488554045
0.864 0.134372769412028 0.772221524022373 0.0934057065655992
0.866 0.133979579368431 0.772385918789591 0.0936345018419779
0.868 0.133588112581649 0.772547748625579 0.093864138792772
0.87 0.133198358996217 0.772707019452351 0.0940946215514321
0.872 0.132810308629908 0.772863737093278 0.0943259542768142
0.874 0.132423951573091 0.773017907273542 0.0945581411533673
0.876 0.132039277988102 0.773169535620576 0.0947911863913223
0.878 0.131656278108615 0.773318627664501 0.0950250942268834
0.88 0.131274942239025 0.773465188838554 0.0952598689224203
0.882 0.130895260753831 0.773609224479507 0.0954955147666625
0.884 0.13051722409703 0.773750739828076 0.0957320360748946
0.886 0.130140822781515 0.77388974002933 0.095969437189155
0.888 0.129766047388484 0.774026230133082 0.0962077224784341
0.89 0.129392888566844 0.77416021509428 0.0964468963388758
0.892 0.129021337032633 0.774291699773387 0.0966869631939803
0.894 0.128651383568439 0.774420688936752 0.0969279274948086
0.896 0.128283019022832 0.774547187256979 0.0971697937201883
0.898 0.127916234309795 0.774671199313283 0.0974125663769227
0.9 0.127551020408163 0.774792729591837 0.09765625
0.902 0.127187368361074 0.774911782486121 0.0979008491528052
0.904 0.126825269275412 0.775028362297254 0.098146368427334
0.906 0.126464714321269 0.775142473234323 0.0983928124444081
0.908 0.126105694731405 0.775254119414702 0.0986401858538926
0.91 0.125748201800714 0.77536330486437 0.0988884933349156
0.912 0.125392226885698 0.775470033518212 0.099137739596089
0.914 0.125037761403944 0.775574309220324 0.0993879293757325
0.916 0.124684796833605 0.775676135724298 0.0996390674420977
0.918 0.124333324712889 0.775775516693514 0.0998911585935964
0.92 0.123983336639556 0.775872455701415 0.100144207659029
0.922 0.123634824270406 0.775966956231778 0.100398219497816
0.924 0.123287779320793 0.776059021678975 0.100653199000232
0.926 0.122942193564124 0.776148655348237 0.100909151087639
0.928 0.122598058831376 0.776235860455897 0.101166080712727
0.93 0.122255367010612 0.776320640129637 0.101423992859751
0.932 0.121914110046503 0.776402997408724 0.101682892544773
0.934 0.121574279939855 0.776482935244238 0.101942784815908
0.936 0.121235868747139 0.776560456499295 0.102203674753566
0.938 0.120898868580028 0.776635563949265 0.102465567470707
0.94 0.120563271604938 0.776708260281978 0.102728468113083
0.942 0.120229070042571 0.776778548097931 0.102992381859499
0.944 0.119896256167463 0.776846429910477 0.10325731392206
0.946 0.119564822307544 0.776911908146021 0.103523269546436
0.948 0.119234760843686 0.776974985144198 0.103790254012116
0.95 0.118906064209275 0.777035663158051 0.104058272632674
0.952 0.118578724889769 0.7770939443542 0.104327330756031
0.954 0.118252735422276 0.777149830813003 0.104597433764721
0.956 0.117928088395121 0.777203324528716 0.104868587076163
0.958 0.117604776447433 0.777254427409637 0.105140796142931
0.96 0.117282792268718 0.777303141278254 0.105414066453027
0.962 0.116962128598457 0.777349467871381 0.105688403530162
0.964 0.116642778225686 0.777393408840286 0.105963812934028
0.966 0.116324733988598 0.777434965750816 0.106240300260586
0.968 0.116007988774139 0.777474140083512 0.106517871142349
0.97 0.115692535517608 0.777510933233727 0.106796531248665
0.972 0.115378367202268 0.77754534651172 0.107076286286012
0.974 0.115065476858952 0.777577381142762 0.107357141998286
0.976 0.114753857565676 0.777607038267227 0.107639104167097
0.978 0.11444350244726 0.777634318940671 0.107922178612069
0.98 0.114134404674945 0.777659224133919 0.108206371191136
0.982 0.11382655746602 0.777681754733132 0.108491687800847
0.984 0.113519954083449 0.777701911539876 0.108778134376675
0.986 0.1132145878355 0.77771969527118 0.10906571689332
0.988 0.112910452075384 0.777735106559592 0.109354441365023
0.99 0.112607540200892 0.777748145953224 0.109644313845884
0.992 0.112305845654033 0.777758813915794 0.109935340430173
0.994 0.112005361920686 0.77776711082666 0.110227527252654
0.996 0.111706082530241 0.77777303698085 0.110520880488909
0.998 0.111408001055257 0.777776592589081 0.110815406355662
1 0.111111111111111 0.777777777777778 0.111111111111111
1.002 0.110815406355662 0.777776592589081 0.111408001055257
1.004 0.110520880488909 0.77777303698085 0.111706082530241
1.006 0.110227527252654 0.77776711082666 0.112005361920686
1.008 0.109935340430173 0.777758813915794 0.112305845654033
1.01 0.109644313845884 0.777748145953224 0.112607540200892
1.012 0.109354441365023 0.777735106559592 0.112910452075384
1.014 0.10906571689332 0.77771969527118 0.1132145878355
1.016 0.108778134376675 0.777701911539876 0.113519954083449
1.018 0.108491687800847 0.777681754733132 0.11382655746602
1.02 0.108206371191136 0.777659224133919 0.114134404674945
1.022 0.107922178612069 0.777634318940671 0.11444350244726
1.024 0.107639104167097 0.777607038267227 0.114753857565676
1.026 0.107357141998286 0.777577381142762 0.115065476858952
1.028 0.107076286286012 0.77754534651172 0.115378367202268
1.03 0.106796531248665 0.777510933233727 0.115692535517608
1.032 0.106517871142349 0.777474140083512 0.116007988774139
1.034 0.106240300260586 0.777434965750816 0.116324733988598
1.036 0.105963812934028 0.777393408840286 0.116642778225686
1.038 0.105688403530162 0.777349467871381 0.116962128598457
1.04 0.105414066453027 0.777303141278254 0.117282792268718
1.042 0.105140796142931 0.777254427409636 0.117604776447433
1.044 0.104868587076163 0.777203324528716 0.117928088395121
1.046 0.104597433764721 0.777149830813003 0.118252735422276
1.048 0.104327330756031 0.7770939443542 0.118578724889769
1.05 0.104058272632674 0.777035663158051 0.118906064209275
1.052 0.103790254012116 0.776974985144198 0.119234760843686
1.054 0.103523269546436 0.776911908146021 0.119564822307544
1.056 0.10325731392206 0.776846429910477 0.119896256167463
1.058 0.102992381859499 0.776778548097931 0.120229070042571
1.06 0.102728468113083 0.776708260281978 0.120563271604938
1.062 0.102465567470707 0.776635563949265 0.120898868580028
1.064 0.102203674753566 0.776560456499295 0.121235868747139
1.066 0.101942784815908 0.776482935244238 0.121574279939855
1.068 0.101682892544773 0.776402997408724 0.121914110046503
1.07 0.101423992859751 0.776320640129637 0.122255367010612
1.072 0.101166080712727 0.776235860455897 0.122598058831376
1.074 0.100909151087639 0.776148655348237 0.122942193564124
1.076 0.100653199000232 0.776059021678975 0.123287779320793
1.078 0.100398219497816 0.775966956231778 0.123634824270406
1.08 0.100144207659029 0.775872455701415 0.123983336639556
1.082 0.0998911585935964 0.775775516693514 0.12433332471289
1.084 0.0996390674420977 0.775676135724298 0.124684796833605
1.086 0.0993879293757325 0.775574309220324 0.125037761403944
1.088 0.099137739596089 0.775470033518212 0.125392226885698
1.09 0.0988884933349155 0.77536330486437 0.125748201800714
1.092 0.0986401858538926 0.775254119414702 0.126105694731405
1.094 0.0983928124444081 0.775142473234323 0.126464714321269
1.096 0.098146368427334 0.775028362297254 0.126825269275412
1.098 0.0979008491528052 0.774911782486121 0.127187368361074
1.1 0.09765625 0.774792729591837 0.127551020408163
1.102 0.0974125663769227 0.774671199313283 0.127916234309795
1.104 0.0971697937201883 0.774547187256979 0.128283019022832
1.106 0.0969279274948085 0.774420688936752 0.128651383568439
1.108 0.0966869631939803 0.774291699773387 0.129021337032633
1.11 0.0964468963388758 0.77416021509428 0.129392888566844
1.112 0.0962077224784341 0.774026230133082 0.129766047388484
1.114 0.095969437189155 0.77388974002933 0.130140822781515
1.116 0.0957320360748946 0.773750739828076 0.13051722409703
1.118 0.0954955147666624 0.773609224479507 0.130895260753831
1.12 0.0952598689224203 0.773465188838554 0.131274942239025
1.122 0.0950250942268834 0.773318627664501 0.131656278108615
1.124 0.0947911863913223 0.773169535620576 0.132039277988102
1.126 0.0945581411533672 0.773017907273542 0.132423951573091
1.128 0.0943259542768142 0.772863737093278 0.132810308629908
1.13 0.0940946215514321 0.772707019452351 0.133198358996217
1.132 0.093864138792772 0.772547748625579 0.133588112581649
1.134 0.0936345018419779 0.772385918789591 0.133979579368431
1.136 0.0934057065655992 0.772221524022373 0.134372769412028
1.138 0.0931777488554045 0.772054558302808 0.134767692841787
1.14 0.0929506246281975 0.771885015510211 0.135164359861592
1.142 0.0927243298256337 0.771712889423847 0.135562780750519
1.144 0.0924988604140397 0.771538173722454 0.135962965863506
1.146 0.0922742123842328 0.771360861983743 0.136364925632024
1.148 0.0920503817513432 0.771180947683901 0.136768670564756
1.15 0.0918273645546373 0.770998424197077 0.137174211248285
1.152 0.0916051568573422 0.770813284794869 0.137581558347789
1.154 0.0913837547464722 0.77062552264579 0.137990722607738
1.156 0.0911631543326565 0.770435130814736 0.138401714852608
1.158 0.0909433517499684 0.770242102262438 0.138814545987593
1.16 0.0907243431557556 0.770046429844913 0.139229226999332
1.162 0.0905061247304728 0.769848106312893 0.139645768956634
1.164 0.0902886926775148 0.769647124311262 0.140064183011223
1.166 0.0900720432230515 0.769443476378467 0.140484480398481
1.168 0.0898561726158641 0.769237154945932 0.140906672438204
1.17 0.0896410771271828 0.769028152337456 0.141330770535361
1.172 0.0894267530505254 0.768816460768607 0.141756786180868
1.174 0.0892131967015383 0.768602072346097 0.142184730952365
1.176 0.0890004044178377 0.768384979067162 0.142614616515001
1.178 0.0887883725588525 0.768165172818916 0.143046454622231
1.18 0.0885770975056689 0.76794264537771 0.143480257116621
1.182 0.088366575660876 0.767717388408471 0.143916035930653
1.184 0.0881568034484121 0.767489393464033 0.144353803087555
1.186 0.0879477773134135 0.767258651984465 0.144793570702121
1.188 0.0877394937220637 0.767025155296378 0.145235350981559
1.19 0.0875319491614439 0.766788894612229 0.145679156226327
1.192 0.0873251401393849 0.766549861029615 0.146124998831
1.194 0.0871190631843203 0.766308045530552 0.146572891285128
1.196 0.0869137148451406 0.766063438980747 0.147022846174113
1.198 0.0867090916910493 0.765816032128857 0.147474876180094
1.2 0.0865051903114187 0.765565815605741 0.14792899408284
1.202 0.0863020073156486 0.765312779923698 0.148385212760653
1.204 0.0860995393330247 0.765056915475693 0.148843545191282
1.206 0.0858977830125796 0.764798212534578 0.149304004452843
1.208 0.085696735022953 0.764536661252292 0.149766603724755
1.21 0.0854963920522554 0.76427225165906 0.150231356288685
1.212 0.0852967508079308 0.764004973662576 0.150698275529493
1.214 0.085097808016622 0.763734817047171 0.151167374936207
1.216 0.084899560424036 0.763461771472976 0.151638668102988
1.218 0.0847020047948111 0.76318582647507 0.152112168730119
1.22 0.0845051379123851 0.762906971462615 0.152587890625
1.222 0.0843089565788639 0.762625195717981 0.153065847703155
1.224 0.0841134576148923 0.762340488395858 0.153546053989249
1.226 0.0839186378595242 0.762052838522358 0.154028523618118
1.228 0.083724494170096 0.761762234994098 0.154513270835806
1.23 0.083531023422099 0.761468666577281 0.15500031000062
1.232 0.0833382225090539 0.761172121906753 0.155489655584193
1.234 0.0831460883423863 0.760872589485056 0.155981322172558
1.236 0.0829546178513029 0.760570057681464 0.156475324467233
1.238 0.0827638079826686 0.760264514731008 0.156971677286324
1.24 0.0825736557008852 0.759955948733481 0.157470395565634
1.242 0.0823841579877702 0.759644347652444 0.157971494359786
1.244 0.0821953118424375 0.759329699314202 0.158474988843361
1.246 0.0820071142811781 0.759011991406777 0.158980894312045
1.248 0.0818195623373427 0.758691211478865 0.159489226183793
1.25 0.0816326530612245 0.758367346938776 0.16
1.252 0.0814463835199433 0.758040385053364 0.160513231426693
1.254 0.0812607507973305 0.75771031294694 0.161028936255729
1.256 0.0810757519938149 0.757377117600172 0.161547130406013
1.258 0.0808913842263095 0.757040785848968 0.162067829924723
1.26 0.0807076446280992 0.756701304383347 0.162591050988554
1.262 0.0805245303487292 0.756358659746296 0.163116809904975
1.264 0.0803420385538947 0.756012838332606 0.163645123113499
1.266 0.0801601664253311 0.7556638263877 0.164176007186969
1.268 0.0799789111607051 0.755311610006439 0.164709478832855
1.27 0.079798269973507 0.75495617513192 0.165245554894573
1.272 0.0796182400929431 0.754597507554247 0.16578425235281
1.274 0.0794388187638303 0.754235592909299 0.166325588326871
1.276 0.0792600032464897 0.753870416677471 0.166869580076039
1.278 0.0790817908166429 0.753501964182406 0.167416245000951
1.28 0.0789041787653074 0.753130220589705 0.167965600644988
1.282 0.0787271643986945 0.752755170905621 0.168517664695684
1.284 0.0785507450381065 0.752376799975744 0.16907245498615
1.286 0.0783749180198357 0.751995092483653 0.169629989496511
1.288 0.0781996806950638 0.751610032949568 0.170190286355368
1.29 0.0780250304297619 0.75122160572897 0.170753363841268
1.292 0.0778509646045918 0.750829795011215 0.171319240384194
1.294 0.0776774806148079 0.750434584818116 0.171887934567076
1.296 0.0775045758701594 0.750035959002524 0.172459465127317
1.298 0.0773322477947936 0.749633901246876 0.173033850958331
1.3 0.0771604938271605 0.749228395061728 0.173611111111111
1.302 0.076989311419917 0.748819423784277 0.174191264795806
1.304 0.0768186980398326 0.748406970576849 0.174774331383318
1.306 0.0766486511676962 0.747991018425384 0.17536033040692
1.308 0.0764791682982223 0.747571550137884 0.175949281563894
1.31 0.0763102469399591 0.74714854834286 0.176541204717181
1.312 0.0761418846151972 0.74672199548774 0.177136119897063
1.314 0.0759740788598783 0.746291873837271 0.17773404730285
1.316 0.0758068272235052 0.745858165471893 0.178335007304602
1.318 0.0756401272690525 0.745420852286091 0.178939020444857
1.32 0.0754739765728777 0.744979915986732 0.179546107440391
1.322 0.0753083727246328 0.744535338091374 0.180156289183993
1.324 0.0751433133271776 0.744087099926559 0.180769586746263
1.326 0.0749787959964922 0.743635182626077 0.181386021377431
1.328 0.0748148183615914 0.743179567129212 0.182005614509196
1.33 0.0746513780644391 0.742720234178968 0.182628387756593
1.332 0.0744884727598635 0.742257164320264 0.183254362919872
1.334 0.074326100115473 0.741790337898114 0.183883561986413
1.336 0.0741642578115729 0.741319735055776 0.184516007132651
1.338 0.0740029435410823 0.740845335732886 0.185151720726032
1.34 0.0738421550094518 0.740367119663557 0.185790725326992
1.342 0.0736818899345823 0.739885066374461 0.186433043690957
1.344 0.0735221460467436 0.739399155182887 0.187078698770369
1.346 0.0733629210884945 0.738909365194767 0.187727713716738
1.348 0.0732042128146024 0.738415675302681 0.188380111882716
1.35 0.0730460189919649 0.737918064183838 0.189035916824197
1.352 0.0728883373995307 0.737416510298025 0.189695152302444
1.354 0.0727311658282218 0.736910991885535 0.190357842286243
1.356 0.0725745020808561 0.736401486965063 0.191024010954081
1.358 0.0724183439720709 0.735887973331581 0.191693682696348
1.36 0.072262689328246 0.735370428554179 0.192366882117575
1.362 0.0721075359874291 0.734848829973882 0.193043634038689
1.364 0.0719528817992595 0.734323154701435 0.193723963499306
1.366 0.0717987246248947 0.733793379615064 0.194407895760042
1.368 0.0716450623369358 0.733259481358203 0.195095456304861
1.37 0.0714918928193543 0.732721436337197 0.195786670843449
1.372 0.0713392139674191 0.732179220718965 0.196481565313616
1.374 0.0711870236876245 0.731632810428645 0.19718016588373
1.376 0.0710353198976182 0.731082181147201 0.19788249895518
1.378 0.0708841005261301 0.730527308308997 0.198588591164873
1.38 0.0707333635129018 0.729968167099343 0.199298469387755
1.382 0.0705831068086159 0.729404732452011 0.200012160739373
1.384 0.070433328374827 0.728836979046712 0.200729692578461
1.386 0.0702840261838922 0.728264881306543 0.201451092509565
1.388 0.0701351982189026 0.727688413395403 0.202176388385694
